tipNames,x1,x2,x3,x4
Altai,-18.226229965848162,10.052686067208253,24.956756858409893,-5.581336844034192
Mbuti,-14.424743606616664,10.744727944585675,18.729162870476408,-9.782657336797971
Mende,-14.39026208388667,11.840116318243176,14.43696079634926,-12.623748939815044
Yoruba,-12.497629363876868,10.507502364007447,13.010503401745542,-11.874891452841272
Lemande,-13.83976952268648,12.196796400846422,15.004815412068375,-13.671858385032397
Aka,-14.870989725832596,11.588865075405305,16.030207201945657,-11.889743693370475
Shum_Laka,-5.628669976066036,5.309938262396351,5.636714073610415,-8.194791913863883
French,-7.480218598232308,8.840101189057771,7.212282440439277,-11.10862733767954
Agaw,-9.354829498035068,9.826759871755618,8.470079882313911,-11.411494061399896
Mota,-19.790767583937004,21.230206048504332,12.74692398733189,-15.54101479759757
South_Africa_HG,-16.3090847077792,11.890119182862252,15.405155939815307,-12.581518693933534
Chimp,-8.288982659474678,3.323707246282585,5.3733605481090425,-10.348362511677136
