tipNames,x1,x2,x3,x4
Altai,8.978251208358714,-15.030028186807785,-11.90846094803608,3.3993024359049944
Mbuti,0.30818820436819916,-5.5375228052070105,-0.30734697121461263,-1.8079329098063228
Mende,-4.240472094995486,1.0658998127373953,5.064153761561864,-5.685420835920577
Yoruba,-6.372019615219074,3.073728660038361,5.703174367495725,-7.531575444880251
Lemande,-3.587080787432329,-0.15578166901603072,3.068879059717596,-5.903967476529796
Aka,3.301729747536872,-8.162526426434015,-3.9681397092308854,-2.304895118650548
Shum_Laka,-1.662453799374544,-4.383661855379842,5.242862294010961,-1.1599290440820844
French,-0.9024361136352352,1.3826467562351055,3.953585377257408,-0.6837170154087737
Agaw,-2.759210011355238,1.0429005664807893,5.5355606474405965,-2.6946402392079407
Mota,13.43249448387032,-12.52439864862823,-19.368131217115565,8.034066628832374
South_Africa_HG,9.096473966448283,-13.567919509881314,-10.8687999563254,0.5135368006801702
Chimp,4.201057774035606,-6.99493700620556,-1.9939029286667704,0.18322377947062585
