tipNames,x1,x2,x3,x4
Altai,-17.02125901015137,16.612196746567655,15.846356358578447,-6.455261802256208
Mbuti,-16.717782566159773,14.682698242075887,21.024688432683476,-7.165797299292424
Mende,-14.431428266000449,12.767129187945285,22.08966480198865,-5.291582744890857
Yoruba,-16.48111696739096,15.149053438981184,24.31875088294585,-6.074757515905718
Lemande,-16.27321759052616,14.8566290688667,24.16433693291535,-6.301197423479341
Aka,-18.402956567721787,14.660061346451853,23.231883879296593,-8.773902967296792
Shum_Laka,-11.274107676836138,7.880407737016102,14.5558624663411,-7.192285919955961
French,-13.642650578855553,15.147032464504619,20.232236631957008,-4.726347721696401
Agaw,-11.582045121169202,12.586404667329035,20.394040849832525,-2.5029410438908775
Mota,-9.909016151433525,3.836797986672164,5.787063082203527,0.7729241288293975
South_Africa_HG,-20.24559381841737,20.663615970798844,27.883759034771842,-10.715062499619316
Chimp,-5.656384839316837,5.080838368745933,3.8195127857261975,-6.039761237703993
