tipNames,x1,x2,x3,x4
Altai,1.350926052290129,0.5219999953175316,-6.269812216142736,1.1005054915772328
Mbuti,5.0895966819169445,-11.007139948873856,-11.069718037099621,1.9289407526479
Mende,-0.7388324310519687,-3.065555681922726,-3.2024965826487897,-0.7839099715127429
Yoruba,2.3960537530928105,-7.58680385334155,-7.396260727051166,-0.29915872922866704
Lemande,2.0831356252658177,-5.420625536242594,-6.604288162186265,-0.5285031002000797
Aka,5.309522427886525,-10.554912793877758,-10.690652880900107,1.1499941987903912
Shum_Laka,0.9939174721040032,-5.822276726639919,-5.262896436951927,-4.3523917514520685
French,2.5505127114491613,-6.861926944636042,-9.254320408039353,-2.070868749821888
Agaw,-3.1646152301185824,-1.6780425094907834,-2.794174923966457,-4.525303915413813
Mota,6.557261250843565,-13.950487809452275,-15.699412575928902,5.751372792840856
South_Africa_HG,4.946061496542754,-7.48445236755099,-8.978693326223272,-4.511225599798896
Chimp,-1.3037618486185343,4.922290370003363,0.8077274101244538,0.33790734810037604
