tipNames,x1,x2,x3,x4
Altai,-9.785492528927858,17.40473187647639,19.515857426454282,2.885079148323729
Mbuti,-1.3843842539113962,6.878510643269625,6.568722984067264,-0.15828206682259038
Mende,2.5365058725170417,-0.2949077484773129,-0.08271018265415697,0.5630270351529247
Yoruba,0.9409431030740669,1.2031756383460035,0.012736949111198603,-0.9730445010586622
Lemande,0.3627625031606806,-0.2938751241484695,-0.22847781350812651,-0.7032887787367157
Aka,-0.4002247427737624,3.49454666962485,5.0026020361879056,1.3260057636139149
Shum_Laka,-0.018898494207835403,2.018543819449873,2.6146876084313764,-2.1105996281852115
French,0.48630620716856665,3.596503687726809,0.7696027299916293,3.7243885061085655
Agaw,6.620422030957814,-1.8817128208810634,-4.936750338286295,5.350968658351221
Mota,11.736188700395553,-17.504922337465047,-11.526793174276449,4.683935064852097
South_Africa_HG,2.962022102985623,-0.024754999385081966,-5.64748175001056,1.1171152987953699
Chimp,3.078128918491508,1.0031425729231285,0.6345030312606186,5.488185406820243
