tipNames,x1,x2,x3,x4
Altai,-5.2513947711764715,3.7589632061127416,5.569375379342784,-2.246213456423391
Mbuti,7.474478673989652,-5.152657602094189,0.8313450184359366,7.194746302616173
Mende,12.987418708845848,-10.360308768718875,-3.784824739737753,9.083747311241254
Yoruba,12.964528305638478,-9.683387335079452,-3.688676954852758,9.201772743361223
Lemande,14.810497544544898,-11.0364036004415,-3.236526268194015,11.819821306865448
Aka,7.1223870181184905,-4.938242261542117,3.1848892591956126,6.703929099880552
Shum_Laka,10.930479608626117,-6.288905232515546,-1.2212846348676543,8.814684544690538
French,22.612777796560255,-27.17449438257308,-20.10981010145421,15.333784900997104
Agaw,15.113263778194145,-16.505481478991747,-6.812337136300274,11.506553743555763
Mota,35.37179607514443,-31.08482713178605,-34.096653386890836,13.31636231810948
South_Africa_HG,7.013802990274081,-10.615571848757208,-5.743953289111422,3.415851091214391
Chimp,5.1333647017440045,-3.467017639123252,-11.062451680528234,7.385136011378245
