tipNames,x1,x2,x3,x4
Altai,-6.653915344766886,11.142993296264473,18.57698723679635,1.0378552324496448
Mbuti,0.37592041561705347,-4.150370154711479,7.484496377330763,-0.4394139743620815
Mende,-3.9993037350846827,-0.3341786372156169,12.264797916734597,-3.8168139997269397
Yoruba,-4.428325215218375,-0.7544707374605715,11.27032250470325,-3.6653208421394226
Lemande,-1.2218653155892114,-4.955438402495844,10.251964020729476,1.1305311387258428
Aka,-3.085196676164886,-2.5429075346721004,11.965575350399025,1.4047757428246928
Shum_Laka,-1.6038620701806687,-4.287089500875333,11.352888430495184,-4.079523862530413
French,-0.479538906000329,-1.2743017207128184,10.496776070084195,-0.8894854558818623
Agaw,-1.5106616572663705,-1.433832456605546,11.45384903714231,-1.8201243795941673
Mota,3.581482142547646,-8.705758030070701,1.8311192642499243,2.3235130957358248
South_Africa_HG,-2.9288619138558225,-1.6464859028258494,16.649084062194557,-3.325575953265214
Chimp,-8.600035998976097,5.839381398797153,8.969287550175627,-4.643701783885708
