tipNames,x1,x2,x3,x4
Altai,-12.729025710931474,7.174402184253152,8.912236875475799,-14.483896939976809
Mbuti,-15.261859952902814,13.88592707740275,15.47744847878419,-9.387888820202184
Mende,-16.441345004004113,11.357727510645777,14.355280083551712,-10.235983446541775
Yoruba,-16.227895549952823,11.920982348641305,13.87371139736411,-9.814573396896797
Lemande,-17.6180344285522,14.045855945220968,16.86297967055816,-11.048649110052757
Aka,-19.216085446988576,16.017126559481,17.720811902845963,-12.672311100910672
Shum_Laka,-16.21440580710376,11.206557199913416,14.527565949604707,-11.424383630853699
French,-11.371005073883907,6.497358631478648,3.694862350195926,-6.44266603205853
Agaw,-10.778505729793782,6.420641685690866,7.116907682581531,-7.477480015161399
Mota,-25.792068787255122,27.66752166830765,37.825640492285586,2.006483021703179
South_Africa_HG,-14.021967207564842,6.752394106218793,7.821892614609957,-12.879336283004312
Chimp,-4.703905143603659,-3.631021387729802,-1.6874932038649382,-5.079401141441127
