tipNames,x1,x2,x3,x4
Altai,4.732824626219445,-5.5010782395357944,-6.4730243627657975,5.57085876501754
Mbuti,-0.4714294076564638,-1.3947181506367812,-2.4408532499769002,-6.875323929881814
Mende,-5.321709650869563,3.373641751952098,1.5696666181557555,-11.619269812023227
Yoruba,-4.835140843988902,1.5071343216592032,1.2363731839945191,-11.178923919202381
Lemande,-4.723334763988063,2.333650313838087,1.9141936488998386,-9.903110589307042
Aka,-5.977528672764873,3.2231723638951397,5.017174208010323,-9.794024899113515
Shum_Laka,-2.6723357549807645,1.6914132991881723,1.5921905990614307,-11.343683803653898
French,-6.1549308685100215,-1.6845056821180244,-5.792689634888485,-14.612091003365459
Agaw,-8.166924465242543,3.0142457733354657,2.0880827895697207,-13.428568421733896
Mota,-0.18594848125294305,-2.609477782620697,-6.479550720414826,-18.564279797047046
South_Africa_HG,2.2670510753966258,-5.477182941945893,-1.85307348568822,-9.04650394208919
Chimp,-5.996642971446729,6.610903209014648,6.453091386121911,-4.034890230253231
