tipNames,x1,x2,x3,x4
Altai,5.983002057578854,-6.470061389957046,-9.999534568679437,2.169644136785415
Mbuti,-8.752682500179075,11.583331237341953,18.997912822211855,-1.9289988497427866
Mende,-8.510903616633483,11.044427865440813,16.574708509408726,0.7269196533626784
Yoruba,-8.483430445659858,11.73878717673762,17.162301254679125,0.3658127121262881
Lemande,-6.065571760522046,8.373557156398663,14.607802033328767,1.9132617726112824
Aka,-2.633624260440573,5.02998514625017,11.078849886225807,2.9982465779482554
Shum_Laka,-4.2551003308026925,8.119249672937537,10.27522618230286,0.27050512966193063
French,-12.516045269356583,15.175808979093205,19.742571617448693,-5.556494493633924
Agaw,-6.884419398675734,9.60725048216856,14.459131706948444,-1.1398485817387076
Mota,-12.339274866478213,17.23284231078613,35.30727927930276,-10.188863663514176
South_Africa_HG,-6.231557147188875,9.052352831946848,19.532589521577272,0.9034896987402692
Chimp,7.023448398586751,-3.962119662852422,-7.238933535624509,4.866857021188296
