tipNames,x1,x2,x3,x4
Altai,-2.866164231594882,0.6515556719230848,2.64549730090939,1.2199403648213472
Mbuti,8.812771608331971,-9.472330363072505,-9.040804655280695,5.062137296452301
Mende,13.468004340788312,-14.258034255668202,-10.360664818104112,9.245959593293154
Yoruba,16.623089491420238,-16.01351921324962,-12.350984553231978,11.231602553237357
Lemande,11.848931895428901,-10.705144463367674,-6.681813684938916,8.697250745868942
Aka,13.714415842887064,-13.115559980322683,-10.736462134081684,7.019278083477451
Shum_Laka,11.265117517222313,-10.561294860595819,-9.192287049377763,7.7967455214582335
French,24.82775031659826,-26.129700483866287,-14.071320182892206,12.01147983903046
Agaw,17.03702221114425,-18.224866720716307,-9.482011223347588,8.559886533737412
Mota,-12.887359079041994,17.73679683097248,29.761099978080104,-4.8960802325646675
South_Africa_HG,7.825205147735602,-11.749637935628595,-3.0364426320846025,2.3557457130926767
Chimp,-4.856392705149845,4.945954017354837,3.4349546681604153,-0.6674231110001465
