tipNames,x1,x2,x3,x4
Altai,-8.003916600357007,0.9127200193311582,14.825577425620988,-6.353410629083552
Mbuti,-4.688974648068973,2.905261648242948,6.957270009972038,-3.4504208256041036
Mende,-10.584843809664111,6.711724917719225,11.306549965624791,-9.960293052911734
Yoruba,-9.850392055749658,6.403769014680654,9.82622913654937,-9.547717696237637
Lemande,-8.011509768928137,4.165640064729957,8.724732168263651,-8.358479907830718
Aka,-6.285792376883263,2.2181343430300955,8.512545897828442,-4.8820554417281015
Shum_Laka,-6.26102709041937,4.29520206924081,7.603741968563566,-10.76623773692813
French,-11.063748289380833,7.106016326882548,17.206696650481867,-8.857840269610923
Agaw,-9.672302389796497,5.642965456340956,15.560782920598331,-9.252886831522115
Mota,-2.2095398764437997,-0.8542636630241208,9.985045063016251,-2.659894670284297
South_Africa_HG,-4.015581067418439,-2.245952219271878,3.045526200688569,-9.089922806073533
Chimp,-4.035155865012143,4.104432182168179,8.448019841334375,4.643408642775855
