tipNames,x1,x2,x3,x4
Altai,-7.24728377865752,0.5321236421836034,1.6172308314333033,-6.504457159525974
Mbuti,-7.959260580539846,3.909263642731314,7.948291090666367,-1.1540973242956172
Mende,-5.796376961719866,-0.5249390286422497,5.318753627259556,-3.3775765717121784
Yoruba,-7.466563222321558,1.5338568195464242,5.996692045840807,-3.687436305894414
Lemande,-2.0600402386032317,-3.1215824174748508,2.2133749657510515,1.1223576964230038
Aka,-7.314122288246006,2.0601606083548916,6.059227392326133,-0.8813233448575061
Shum_Laka,-9.136875246260619,4.357936388523222,5.46235843006499,-2.2733187806133417
French,-6.9145466112502465,3.0341192493556717,7.376254889305811,0.34260482039716555
Agaw,-6.089778658600394,1.1889406057617107,6.3991866513001865,-0.835107113745012
Mota,-6.164720368515125,-4.497349926339673,-3.7290423982171035,1.5969248323689893
South_Africa_HG,-6.7878937972964035,4.748455285628399,4.638478481526988,0.3744624257450856
Chimp,-1.169010658698011,4.932338055708417,-1.3542134752907662,-5.239851400276226
