tipNames,x1,x2,x3,x4
Altai,-11.645197664920786,12.043726996882738,18.53499846709358,1.8172725993473047
Mbuti,-17.552100566301753,16.790423231623144,25.206049845058164,-2.153330279115574
Mende,-17.324901575335666,13.79319143614464,25.39487681203328,-3.2716031865997346
Yoruba,-14.637915052564713,10.914536702175187,22.30056818019838,-1.950481871007581
Lemande,-15.522569342918766,13.024456962350879,22.65891889325098,-3.09013145964111
Aka,-11.724319488475267,10.88264109130775,19.92015831490099,1.7801541084070855
Shum_Laka,-9.943745935405428,11.2446907973783,16.898640656058898,0.25613719647637345
French,-8.499783785784446,10.517555329844555,21.056552189121767,7.143169147151877
Agaw,-14.458870998007708,14.580668741735773,24.982058112077432,-2.0152657222453363
Mota,-14.052411526513303,20.72571270126184,22.80068114267874,-0.6924933354152936
South_Africa_HG,-10.634677145942437,12.857879625116272,21.86005666349719,-0.17008565129755704
Chimp,2.6124065347092595,-0.5223929370703866,0.48828756338992463,3.3200858568231224
