tipNames,x1,x2,x3,x4
Altai,1.9247649797077986,-1.291046420922435,5.183349531557708,-2.346750361642154
Mbuti,4.566577826027308,-4.393558175563922,0.9024633742653566,4.011819435907128
Mende,4.633236512353839,-2.9886669575799134,-0.9554524623200153,3.7145252241593036
Yoruba,4.569611239281418,-3.031265985000952,-1.5831760740715837,3.6956698069157197
Lemande,4.058144111757441,-2.6318041708766056,-2.953067055033763,3.1881305168942915
Aka,5.889384333081754,-6.7907440147609615,-3.9520846683726427,3.325394489232199
Shum_Laka,2.9560410121101315,-5.527548292346239,-1.7653327507566994,3.0040112144992044
French,11.31384436832709,-10.501638592787518,-11.234445336719675,5.136681576585416
Agaw,6.5744016777169865,-4.305262003032392,-5.778072849316985,1.3037727290710457
Mota,-1.3150251818915102,6.85833156110118,8.915653008854013,-9.272729262280487
South_Africa_HG,0.7516547460289011,2.277796054860076,4.715380278116129,0.8518143906030381
Chimp,-5.007189066571104,7.683910176318364,4.716644087854893,-6.731138785383242
