tipNames,x1,x2,x3,x4
Altai,-7.660947642851996,2.3871356421898953,17.058445419253047,-8.027238462531527
Mbuti,-6.5704791140146055,9.878162715352055,12.626863147398858,-10.951763755927542
Mende,-11.630576436867859,12.898407523399417,17.071982968308166,-13.09217645180181
Yoruba,-9.202178811028679,11.24938567915792,14.538658996500615,-10.62425678725925
Lemande,-6.627059640425774,7.331068168227265,10.432393933900519,-9.41629935964651
Aka,-10.25125745565202,12.465529646616234,12.723978085005095,-12.632642661486287
Shum_Laka,-8.509322212249446,8.66260915993147,11.286521790886058,-12.192490856343836
French,-18.824754275880707,22.634758385409512,23.012632669998304,-19.972489486092304
Agaw,-11.841468949274415,13.733361957022723,14.6039008098851,-14.66409018700644
Mota,-7.949072532453956,13.581218507531663,12.981952855065085,-6.608010626159845
South_Africa_HG,-6.158850512048856,9.810253785334904,11.221171943907233,-10.181985022680392
Chimp,0.43410020422025586,-4.45866090183563,-4.503608730564493,1.3865544567890908
