tipNames,x1,x2,x3,x4
Altai,-3.7689122706138014,9.884792857342035,5.244425430935866,2.565142070268335
Mbuti,4.433921463027989,-3.3259118922081683,-1.872728626527558,5.809534230576524
Mende,8.232373115167986,-5.618972377871783,-3.9628111845950107,5.702501546999814
Yoruba,8.918293178647282,-5.565391235680782,-3.120197238890908,7.187130617721946
Lemande,10.018118816213091,-7.743653553290369,-5.029404841607247,7.355252847956166
Aka,7.602177611674695,-5.877446911408278,-1.4804842203791768,7.217028910178639
Shum_Laka,6.676701601245908,-3.7443757339600534,-3.7936930436705802,7.070704350501617
French,4.433207714545757,-2.7985019308899877,-0.6868073777625023,7.664462027580475
Agaw,9.341433516796593,-7.942519318311771,-6.031247225426049,6.650165813250822
Mota,14.100196913531663,-10.677074167729005,-13.359544581846903,8.810417510114803
South_Africa_HG,4.124799997118704,-2.9361562661858662,-5.199432990426638,-0.0026434571632032444
Chimp,11.910027346881831,-12.641308504616122,-13.641717836534408,6.568589038610904
