tipNames,x1,x2,x3,x4
Altai,0.12137378155902595,5.443317145089035,7.321866043639843,3.4177886600067486
Mbuti,-10.13492048631544,16.912072018858797,12.209315608518438,-7.987042793720485
Mende,-12.240302661769226,20.736941338664266,19.253590653821544,-10.991105074690788
Yoruba,-13.02597590121462,21.799767036826818,19.678451362213202,-11.092985262502173
Lemande,-14.832174799981596,23.672648578338453,21.858679594020323,-10.25503396207342
Aka,-11.3360248401393,19.32364397579311,18.215042952703293,-8.227647417827074
Shum_Laka,-9.588098740824137,20.414493492821006,17.609468851434922,-5.105834791764739
French,-21.954074492913477,27.97078684130884,26.971830197485605,-16.672750377070866
Agaw,-18.64062874928299,25.124959688860468,24.11248194333037,-14.037022298134753
Mota,-15.14392665920363,19.376447063253146,24.887073640361688,-12.444207340392266
South_Africa_HG,-10.000505172762123,17.431236857244038,11.63749566763691,-10.265714104765182
Chimp,4.3144046014166975,-3.960167692261208,-6.072556003565918,3.399149359120063
