tipNames,x1,x2,x3,x4
Altai,8.087598556426808,-2.8779702320557314,-3.4580395657515326,6.994821327026925
Mbuti,1.3273546668984673,-1.4267342788706225,0.4958319791706527,6.3199452734950325
Mende,6.78659037580179,-6.499694244196194,-6.325127427014582,8.295522283421336
Yoruba,4.006620968281649,-4.289898867049481,-4.103479508726581,6.292707869048182
Lemande,4.452173328228036,-5.066030044454321,-4.203218159454568,6.22957646003676
Aka,5.619177297966272,-5.195643128337033,-3.838375526447451,9.7532595164865
Shum_Laka,1.4448919057184284,-3.244362433550485,0.6679959393943653,8.103847916506036
French,3.0041443800308416,-3.1813662623671553,-7.052987529097599,6.100141151106267
Agaw,4.147537043116765,-4.678851532247039,-5.576107497660658,7.529122683017689
Mota,2.8970993765155635,-2.432142912982583,-4.174242815486306,9.376890232681491
South_Africa_HG,-1.0985028485218713,-6.792157241495321,1.1806009175278633,6.630883054253923
Chimp,6.181680632759338,-6.7435440495447425,-4.656026593165939,0.8668013804927642
