tipNames,x1,x2,x3,x4
Altai,-12.369396358583154,22.368514449116503,20.511794654302427,-8.715316978509689
Mbuti,-13.874061935135595,17.412809195952384,17.682989304616726,-4.589647404770499
Mende,-14.70560453579218,16.91417896885057,15.779516068472187,-2.698012826855335
Yoruba,-18.420640665996196,19.467718620802458,19.287698284178663,-4.676916950578021
Lemande,-18.452621390989428,19.66013985482912,19.218076138451778,-3.5116573451124946
Aka,-12.504614701481358,14.28685907056811,12.179976666300632,-1.641665716099605
Shum_Laka,-17.862078069848653,22.39321963282003,21.14810539931774,-5.443481260110398
French,-21.17648826988903,24.14576456223549,20.666146878949583,-5.956116732611073
Agaw,-21.789653911323484,23.729998796048342,22.020304235755315,-5.7880883270005725
Mota,-28.53371812111307,25.98800320536843,21.982167221184262,-10.257862444622944
South_Africa_HG,-13.41425600200407,21.646002265049255,19.356689130675015,-2.04143165647554
Chimp,1.22214827481848,-9.670988239256351,-3.540449497715434,-2.591045351644437
