tipNames,x1,x2,x3,x4
Altai,12.537365375075904,-5.775817272498786,-15.144413838702777,19.13028421429503
Mbuti,-6.485384288028829,6.113723168076074,-1.6988285570483814,-3.5616108696468407
Mende,-12.206082791537705,9.772618494037363,3.569329338439048,-6.3562238737689345
Yoruba,-11.129025616797815,8.714391579503328,2.4321210221275944,-6.9146684665677665
Lemande,-10.229040802729957,9.158623486091978,3.8073124745080777,-5.2773775714627424
Aka,-8.50653300067702,8.31263748082835,5.025327188405899,-5.303431240929082
Shum_Laka,-2.4522898351576043,3.927061509081288,-4.930991453701718,-1.896975745871927
French,-11.103109138050172,10.671870822729462,3.9490459024371165,-10.579044199710426
Agaw,-4.409515922998697,3.1732497663200356,-3.659944329877347,-3.4651329062022347
Mota,-9.300677893216458,10.5612097893733,6.977923521959991,-7.068592021749013
South_Africa_HG,1.397786040080904,-1.6384831159344353,-12.31300906192208,1.332557376763991
Chimp,3.361308848124602,1.2154826611464506,-4.348888415295664,4.492322509485663
