tipNames,x1,x2,x3,x4
Altai,10.269708025623896,-11.785592211219399,-14.978047437797567,2.475012874997236
Mbuti,11.696653577416562,-14.056947257304362,-14.059929957239344,1.4196496882058043
Mende,2.4469991034751626,-7.60595363410547,-4.646674087673212,-3.66600443149763
Yoruba,1.3953284904163938,-6.458400597574269,-3.1499101697633423,-2.715272577745313
Lemande,-0.19954032081036766,-6.474766579521635,-3.309538873709861,-4.872445537804717
Aka,5.213098067535733,-7.08776099908211,-7.150751055269238,0.5834818114428961
Shum_Laka,3.057589192365161,-5.135428733853595,-3.7981109000778197,-4.876860408436796
French,10.887006600716163,-13.254602559256467,-20.569318398974247,-0.7082402450589306
Agaw,0.836574833824927,-4.139386879442968,-5.9732697256205345,-4.654903708017721
Mota,14.89219853119127,-13.553777542442834,-12.905911134275664,-3.795512157469865
South_Africa_HG,9.182448630457587,-13.433198483284158,-13.037989291155188,4.697494458283009
Chimp,1.4978878024335736,-3.307759532991564,-1.1664456956250193,3.396657699898845
