tipNames,x1,x2,x3,x4
Altai,12.871511387089571,-8.45413692395595,-19.752500506388532,5.837688352999303
Mbuti,-5.519495476038159,0.12345911541166132,-1.6993466441033525,-3.4475096369172027
Mende,-4.203861477206517,0.3477539612725648,-2.5036365133006333,-2.303329403495082
Yoruba,-5.644065448718164,1.703463413290735,0.6588483433947918,-2.9662627041001417
Lemande,-6.474516592663974,1.9290246581282213,0.15667112231059166,-3.2640069134944847
Aka,-6.160957985521386,1.9357047657879791,-0.058917291079981116,-4.258410206920989
Shum_Laka,-2.5146109733587396,-1.6988162432102134,-9.268861998962487,-4.155578720321684
French,1.3689151410321059,-2.150803064077522,-12.084645427504283,-0.7728810358998863
Agaw,-2.5276545205596035,0.33941517153112755,-5.9330382170753655,-2.2281946633643086
Mota,0.5540896168201952,5.359783657182901,2.5956631040596587,-2.8886762257411083
South_Africa_HG,0.8356019656755456,-11.009529475265667,-15.290391951810667,-6.175393163401475
Chimp,0.29912079068616604,-0.7635831977786159,-3.6228354378213865,-5.70578589957208
