tipNames,x1,x2,x3,x4
Altai,-0.06275450518165904,4.994235087496707,4.482006611093446,0.11154973202769591
Mbuti,8.589985026520349,-3.9974866606067483,-19.46876670442117,5.863971703592458
Mende,7.277338556982117,-3.5141124195874305,-20.084831810128485,1.4809089005049483
Yoruba,7.648214155047069,-4.221829756942444,-20.548273940443767,2.109497536997831
Lemande,7.447114588173674,-3.3579861309473658,-20.553313012143253,1.9236370097029045
Aka,7.571139763391311,-5.132482253918537,-17.46968406202298,4.2365287519435375
Shum_Laka,5.912081561056587,-2.5529327115368785,-13.150239168538274,3.483433875312719
French,3.3623868818112137,0.4984202407001551,-9.1863976268651,4.728522069010899
Agaw,3.961631113567909,-0.6274270867517112,-12.921591927401439,2.907151045418807
Mota,-1.850449487644565,4.067924134814717,-16.260671357935546,-9.430904389125809
South_Africa_HG,-4.3723841827362815,8.20921704051138,-3.85457128363133,-2.665251259794468
Chimp,-0.8105588407150122,3.860975370683884,1.1304591414328866,-4.889170079358248
