tipNames,x1,x2,x3,x4
Altai,8.56176538233997,-16.801271915356942,-3.1571600905033694,16.449676745178785
Mbuti,11.78467694152327,-8.800900690262747,-7.6594991233624095,10.414249358741252
Mende,18.75727636222243,-16.76657280093981,-15.50538722749097,13.769928320789681
Yoruba,18.08849491332495,-16.52325583312505,-14.483285428561134,13.43601980061245
Lemande,20.323368014378335,-17.565249236531624,-16.216683223463807,15.594868901342764
Aka,14.977479379892781,-12.748082104428883,-13.835886763973852,11.293479365007855
Shum_Laka,18.285073850322355,-13.579421674636837,-14.987522416951709,15.258520494226207
French,23.65497091455729,-24.541288801848893,-15.644351668366665,20.737609505974774
Agaw,22.587304414226022,-21.979884494252396,-18.195684233926993,18.267044899924233
Mota,16.6435124108109,-17.94319462012778,-17.711093099444685,17.648522137834988
South_Africa_HG,20.09379148569471,-19.920078281285956,-16.35141994729801,12.183090292532158
Chimp,2.010056365964071,0.15299072040252787,-5.691363350406769,-3.2706478418030187
