tipNames,x1,x2,x3,x4
Altai,14.680480514127375,-12.586041912276507,-9.5972380801887,1.3451443460949397
Mbuti,24.87214016861651,-17.98239422448086,-23.352239544490473,10.170700388140563
Mende,19.96526639045766,-13.602624107172403,-21.447444234580324,4.754971235728289
Yoruba,18.432111204248788,-12.018241746421694,-20.179904756450235,2.304333311053392
Lemande,21.077755165304694,-14.922195783893708,-23.69066541880104,3.6751779932908706
Aka,21.70665273230528,-15.700239360810535,-22.81729246108384,7.287906496663757
Shum_Laka,20.002003843409383,-14.855611631228545,-21.70336261953195,6.742132878223432
French,21.287709911597332,-17.628975089839063,-17.57194395732405,3.203115474515273
Agaw,20.43580088867384,-15.661371268730345,-20.910462692765314,4.709473942960597
Mota,0.13210147247844617,0.8976181658186766,-6.735157655913069,-4.205397789969688
South_Africa_HG,20.30476048586063,-12.250655574845487,-13.227072790294825,11.989398476318978
Chimp,-6.545482599199196,2.3250315512154085,4.126149758168822,-6.47038222099594
