tipNames,x1,x2,x3,x4
Altai,1.2706420407208063,-3.7285635686451783,-1.951219982592166,-5.999532002025813
Mbuti,-15.489861119266585,10.38437080580183,20.648651722675552,-16.33009163197082
Mende,-17.831132701101875,12.867486595793158,21.3016581798744,-18.423478103712192
Yoruba,-16.206127896662963,10.156357090857878,19.126870621711685,-17.727940248681346
Lemande,-16.180080183568887,9.783760634239686,20.708028429183564,-17.57203991428684
Aka,-16.952618228090113,11.287461433503292,22.68068645257422,-17.788419930529095
Shum_Laka,-14.326293586192445,7.821591739923163,17.874329364824597,-17.39659561344403
French,-13.170025112612329,6.174981568367862,14.34387401164043,-17.925606238037304
Agaw,-12.888728476764497,5.213749856127682,15.822211943722838,-15.687585001851536
Mota,-22.008943266398298,20.804016743091278,30.466570207179682,-25.33437217759247
South_Africa_HG,-13.011610410749386,11.295277251427095,18.5287962786464,-16.857010529850356
Chimp,-0.8247803785101904,-1.8658208451052727,-4.899280464386047,0.4748030289462595
