tipNames,x1,x2,x3,x4
Altai,-0.9834887823815204,-10.642778542159391,-6.757942045866768,-0.3374728901896994
Mbuti,0.10676562862807448,-1.9564587361391017,-11.142888796531171,-6.5671972495007465
Mende,1.8968788038831317,-1.5403447080295538,-12.188724406123956,-4.375484859891071
Yoruba,1.5356319667471605,-1.8700580797843178,-11.767994026552039,-4.0304577399916575
Lemande,1.487653601612048,-2.441540707499403,-12.885837954682996,-5.224948543734314
Aka,-2.1752696162920966,2.6774108034708304,-6.20940445315078,-7.820489532525404
Shum_Laka,-2.2042686831986726,1.5817817992697314,-7.391770421322172,-5.108310819605273
French,-0.37272254095842194,-0.6645718755418621,-10.257710376803137,-6.351919296963652
Agaw,-0.82462226321294,-1.0885287039472045,-9.171374605490382,-6.572154073999993
Mota,-8.90715139797181,1.8527596543479508,-3.6635120680101014,-9.680390280790363
South_Africa_HG,5.047602319923588,-6.481542470943422,-15.574754822688416,-4.15135798795997
Chimp,1.4850416979259382,0.765055382629922,-1.0772171279053613,0.17940040797981202
