tipNames,x1,x2,x3,x4
Altai,-3.1083878290087696,-3.3172325104567646,-3.4208319660747453,1.79246846464185
Mbuti,-13.909245362956685,12.549207830092262,6.237870376478384,-16.054332039958954
Mende,-8.353563045689642,8.059474533667018,0.6460575617914698,-11.544656309520661
Yoruba,-8.580531986553135,8.096557319753046,1.7604527587376368,-12.20994326579392
Lemande,-10.193004176482862,9.434579164630275,2.288426025587729,-12.988346212985743
Aka,-10.965902698014386,10.475016136276277,3.9397949943950072,-15.517697403776658
Shum_Laka,-11.354357382869422,10.498202074546631,6.059457082301501,-15.610924280832982
French,-12.620296269539983,11.252870892911432,4.999956087686475,-16.767603241698176
Agaw,-11.15986001646096,9.56209702855863,5.497114227996791,-13.515586229040116
Mota,-8.893329238081932,-0.4987774011780983,-0.08351558829353944,-17.17099836717304
South_Africa_HG,-9.289298869455326,7.003249223388068,1.9509157201698462,-13.971225283923193
Chimp,8.34401788165816,-2.394137429689171,-6.793299898275357,2.4841469482493346
