tipNames,x1,x2,x3,x4
Altai,-20.240195156158318,18.52061685814108,11.597744008351683,-17.469279287580413
Mbuti,-9.526044759446435,7.725842020847816,11.628422756351672,1.9587861578253627
Mende,-14.809064242003682,15.018473594555745,20.09400070320237,-1.159358848274933
Yoruba,-15.506037956212305,14.420701017293252,20.430835155930833,-1.598402265784144
Lemande,-15.021162736195224,15.08708474781723,20.30785056822653,-0.7498338278439407
Aka,-14.528310593686875,13.055304933903907,19.79449273311035,-4.6392223755357245
Shum_Laka,-9.423437447411956,8.197946597382243,14.438645995473554,0.8872066781464167
French,-16.070512546540336,14.190473782070884,16.955643445954323,-0.8044902287822386
Agaw,-12.822069633056396,11.489100374353763,14.217984761476961,0.42560119749102476
Mota,-20.31456342806828,18.951083177023264,19.30175570099931,-6.3727019537603695
South_Africa_HG,-3.2512029361372776,-0.3557934221356467,2.6698412487534267,0.677863781056774
Chimp,-3.799652886076718,4.268608177277815,4.817492234208093,-6.137114369627014
