tipNames,x1,x2,x3,x4
Altai,-8.437525628503668,13.666376766007321,24.35905654328449,-2.063619932600486
Mbuti,-18.615188056173707,18.332060697861913,25.04718571661702,-4.290939806717658
Mende,-10.571825676656909,11.950866497383213,16.20950251436171,-0.7682187221871274
Yoruba,-10.75285932955651,11.143849666666336,16.18225434329215,0.3746966605898673
Lemande,-11.391630909600275,9.939174445274773,16.38008863507329,-0.6874307106019018
Aka,-14.8326999788312,14.735460189500277,19.706677919536475,-3.052242600001762
Shum_Laka,-13.43519320405156,14.759798552331313,17.959855717998476,-1.3990429212618998
French,-13.049648837687574,16.07694484607552,18.528687467916292,2.326332685553872
Agaw,-9.924290302836042,12.191307153616997,17.847704542773243,3.9924761884360493
Mota,-1.7509023227935252,-1.9300467583513399,13.71996466412635,0.6207596245506188
South_Africa_HG,-10.577158103221329,10.997881784146635,15.911150802224164,1.6184823729283395
Chimp,0.7010395212954343,1.8324523900486611,0.6529816293838857,-0.8094305926903652
