tipNames,x1,x2,x3,x4
Altai,-4.937413727149744,0.33398120009572185,4.873771708412152,0.25303332296862246
Mbuti,-0.13616146333104906,3.2043550147951194,-5.900295002974422,1.8418775971890535
Mende,-6.438262986440201,7.705941865753492,-2.3898577391957145,-3.84026674502444
Yoruba,-7.736115833202542,9.535765539837032,0.08173556766845957,-3.6665637744430724
Lemande,-8.479138875032014,11.232953573814783,0.7065209310661276,-4.896965940033267
Aka,-2.5094759244883518,3.8995007127602053,-4.250834910098514,1.745239742285544
Shum_Laka,-7.158198549598239,6.656825404046989,-3.827750877430222,-5.397431182456957
French,1.9976583476090763,0.3924562094460977,-12.735345651800717,1.5011326496824222
Agaw,-3.975819989815383,6.089553789174734,-8.820770489465742,-4.133722310968625
Mota,-1.3743817835924936,0.6629981112804793,-4.946055528696405,9.228469071996006
South_Africa_HG,-0.37911723562904287,2.081965685777086,-10.00618759445269,5.387846860918825
Chimp,-9.095304554479723,1.2713137250615758,2.3758706390576476,-3.1893499265054923
