tipNames,x1,x2,x3,x4
Altai,-0.1912803465439219,12.08165530540344,8.96104898454563,-1.0900980905943989
Mbuti,8.087577414024853,3.6678275540262657,-7.44646900642075,-5.665129083758781
Mende,11.290401173155852,-0.3472602872911351,-7.412348763538206,-1.4692804758813822
Yoruba,9.402662572642308,0.9773849696071899,-5.708983916100035,-3.1038283140507668
Lemande,9.288775107382536,1.0119696433257144,-4.851608328149876,-3.7469734881054357
Aka,7.630078883564785,3.2632814212033496,-6.651019976190087,-5.791923911068865
Shum_Laka,6.731890556623013,1.8351778085959685,-4.6035602262244035,-5.220169881891861
French,8.490374605014944,-1.6724325033610454,-7.838413168033041,-8.2842634219265
Agaw,13.343549674554401,-3.848275349568444,-11.372057907369111,-2.176300382125302
Mota,0.1306603499522665,4.424906288147959,4.4582720918089205,-12.668781036584559
South_Africa_HG,0.14559850839192734,12.519099820717297,3.8098316205361478,-6.805716579336924
Chimp,1.985351681040912,-8.610266973888082,-6.227504800961034,0.05874022671252048
