tipNames,x1,x2,x3,x4
Altai,-16.617013048203077,13.028022591593343,10.792988117687369,-15.55501807062841
Mbuti,-7.865369072967771,8.86371842842671,6.787280084669193,-10.557348527435195
Mende,0.7148985782325586,2.471417773664905,-1.6365824481702582,-6.6607346202163935
Yoruba,1.0995291577027284,2.9382641447581426,-0.6750855474021672,-5.557726714464964
Lemande,3.1615015014641785,0.8827800384777463,-2.867348378457214,-5.258381464311472
Aka,-2.0659683141457803,4.629103929611593,1.3502036743868442,-6.022858025289499
Shum_Laka,0.1290075200973262,2.386065206091171,-3.58976054243841,-6.802170570916917
French,-4.935572049679039,10.086848946791836,7.297119139715175,-10.748148097796733
Agaw,-6.067399813935836,10.838986142713015,10.25736194779989,-8.807212172762314
Mota,-11.300157258791215,13.964439503291798,12.538596024798261,-11.219267341226683
South_Africa_HG,-8.39550551163636,11.059625302882537,5.663983658577499,-13.806229090824491
Chimp,1.22771753013522,-1.5757053462538433,1.0321650543364238,5.6276154564395195
