tipNames,x1,x2,x3,x4
Altai,-5.908738231064656,6.801975268201068,7.445504448249045,-8.25446867384408
Mbuti,2.9039687212585075,5.420686167819566,6.124428211551614,5.818587942821269
Mende,-3.2765914905772258,10.264703090972024,7.979902271374693,1.0658058038667684
Yoruba,-1.8004047583415344,9.358269072827289,7.4608534328438365,2.741971357418376
Lemande,-0.621393251253588,8.523168707141616,6.048945181839402,2.5606425090041434
Aka,4.697998273504231,2.9844737098627245,4.3138907233450645,7.282477414977114
Shum_Laka,0.884476257937785,8.747704542609359,9.380031248050061,6.817640316571909
French,-3.1601921600186973,7.561463788202739,6.909185462432613,-0.9563944929974386
Agaw,1.3489005193082055,5.595104977474004,2.9040301579807184,2.092972454502699
Mota,7.595222353426375,-5.344425860459789,-10.340238091576335,5.503578067776099
South_Africa_HG,1.3332260889639558,0.2770628573573939,3.1373864886159257,2.735740176921978
Chimp,2.322447520160272,-4.066567927199172,-5.199574751525198,-0.936399013522545
