tipNames,x1,x2,x3,x4
Altai,7.131462980599316,1.0000565374468606,-1.2717540787666133,2.038570278542497
Mbuti,4.861018065674867,-6.7917992551136726,-8.796726039256253,0.852517080237592
Mende,1.722951540571741,-2.324544154222598,-6.7437102500354165,1.4139450993296163
Yoruba,4.397909247987256,-2.8652703953182455,-9.478809191088576,2.6432305526741544
Lemande,2.6947377446984975,-2.68264421108549,-6.208691489022444,3.9955314103920636
Aka,0.5126062091151053,-2.2089157125099694,-5.243994477458271,0.3375229904250283
Shum_Laka,3.0760405357313534,-1.6825802171088462,-5.0668067887506485,0.9836864623807013
French,-3.1220670624439317,4.322167743934731,2.237453767457216,1.2746757391541503
Agaw,1.802749294464642,-0.8340824972521247,-4.999309602876645,2.5117742397003715
Mota,8.637992358290528,-8.25829536608817,-9.960143890336978,-1.3275889781659913
South_Africa_HG,1.2844320060050434,-0.09458962010032379,2.70549410924645,1.0837538835191813
Chimp,-2.011960797257622,2.4104980776665217,-1.4538241451735905,-6.424683801915505
