tipNames,x1,x2,x3,x4
Altai,7.820173042719918,-10.068868251692686,-3.9180259807825273,8.456825574133564
Mbuti,20.901310164009693,-22.851784447958316,-12.938184830774556,24.27595341392931
Mende,20.966475208364557,-23.444384279395727,-19.50651720549254,24.567458757050805
Yoruba,20.776879491834652,-24.210147248399792,-19.387248728754315,24.31975246758302
Lemande,20.80378397270726,-23.3175736325302,-19.065200011141826,23.495647386485278
Aka,18.941474024575296,-20.512610789014715,-14.42922988068117,22.1299115874471
Shum_Laka,26.94519673975761,-26.36932008184482,-22.478596174005276,27.768945025016166
French,28.438399166590337,-28.951077322987622,-27.582481475894777,27.76278937787543
Agaw,25.267087609977263,-24.772144180222018,-22.573209400650192,24.97428367810622
Mota,15.471108712510684,-16.913858359021003,-28.305476523801023,16.094826464680576
South_Africa_HG,22.923954587632117,-28.405324486938113,-26.836518987729086,18.48757132748071
Chimp,11.065516640073907,-5.843698916533835,-11.200408073680372,4.191143876840477
