tipNames,x1,x2,x3,x4
Altai,21.27999071922753,-17.934411707081484,-29.21521837985694,9.942872109601597
Mbuti,37.83507513762278,-27.668828607825937,-29.951841197303473,23.673276457385544
Mende,33.18485077997347,-23.446627856376082,-23.336668605860897,19.29988143314531
Yoruba,33.90875474220129,-24.424753342092995,-23.815615729483927,19.80043001744062
Lemande,36.15580295870768,-25.219882652137315,-25.669977672599103,21.4778322189878
Aka,31.21215722880277,-23.92057613726054,-25.170595907535315,17.272114728147784
Shum_Laka,34.037349941407896,-23.888255789973595,-28.06648766195419,18.741020132416363
French,40.87127923046596,-25.524741808215595,-33.53243018496337,25.016872931956698
Agaw,41.539130954200054,-27.839010491495824,-33.950170974643704,24.992808868625662
Mota,25.71846994066677,-21.527008067862724,-31.1554716300756,6.709205990253806
South_Africa_HG,28.795411247992096,-23.65006353224892,-26.18735890969584,17.76218939093504
Chimp,-1.493978038784828,5.856259712280201,3.4498118377894373,-4.3540612404552945
