tipNames,x1,x2,x3,x4
Altai,9.508409340936769,-18.89166888799522,-18.17003525119278,1.2797608904441093
Mbuti,9.294982658728577,-11.57326712515762,-9.177657520131442,0.16069075271368355
Mende,10.254682001267657,-12.660613209032311,-14.356470467943069,0.012718415992984067
Yoruba,10.499941169649704,-12.795821448286343,-15.21988809885235,-1.4449692289704537
Lemande,10.31522000570428,-12.37112276502474,-14.115804607785396,-0.18288326094010598
Aka,10.011221414681481,-12.163759056027859,-12.019194393933383,-0.9117147124958063
Shum_Laka,8.309546651431905,-9.574881640273013,-11.441627287981206,-2.9229877451960418
French,15.78299938268716,-17.547138906810968,-18.889548150309224,3.725586467742427
Agaw,17.51791703538625,-17.77996540589775,-20.96883050549881,2.4124800114072538
Mota,18.57959466090504,-23.575311190484825,-18.544716032453074,9.66320569474805
South_Africa_HG,9.758472648800801,-16.836521721531945,-14.390090801075589,-4.47035522829465
Chimp,4.588667511256774,-4.267502719638775,-4.000038026135683,3.1794917231808175
