tipNames,x1,x2,x3,x4
Altai,-8.780617140487877,11.401731851261001,10.584093476844998,-4.174101620215925
Mbuti,-5.119430488226701,2.066717292919225,0.7115885102483728,-7.473224169971756
Mende,-3.417160054433647,2.6819838878960702,1.7723842612605913,-6.147681328637905
Yoruba,-1.1882973719923644,1.5413928815784363,-0.8456170040370496,-5.0230656544188195
Lemande,-4.365758360338548,4.066280704832728,2.987241265147092,-6.5953575819602115
Aka,-1.0572613137481255,0.41111961384143036,-1.2488311090391866,-5.341035198526702
Shum_Laka,-5.222878215049498,8.374054283967409,3.5154895549472442,-7.8944746963006205
French,-2.7126738169769786,6.057339225750444,3.3176855878104963,-3.408439268312216
Agaw,-4.2647494308019205,6.0327803211464675,3.5842346181891007,-5.8556075149430455
Mota,-1.5996571598110365,-4.22701190135663,-4.73176376860159,-3.748288994596011
South_Africa_HG,-6.890520546537129,5.113832010418667,3.3840759646975913,-5.624798421468128
Chimp,-10.255678513497728,9.420255224614401,10.353683035859254,-4.429061321351968
