tipNames,x1,x2,x3,x4
Altai,-7.503387750206942,7.872505776911819,-7.020017987515786,-2.372751467831614
Mbuti,-4.208316361356381,3.814231863072939,6.9771795531077,1.5398242876190933
Mende,-4.116383391319883,2.8076027864622777,4.642535073496289,-3.486203067315316
Yoruba,-1.842590287378248,-0.39295936573655643,1.6685768208658027,-2.0760570160005853
Lemande,-5.796430052300085,4.077254836886759,5.184842058468192,-4.592305269453911
Aka,-0.7635089141840145,-1.3209453043750128,1.3897153660084254,0.8774954582507914
Shum_Laka,-5.896948453097998,5.518638420644808,11.094997064383662,0.6461493664901781
French,-3.0331162764496176,-2.897002214290779,1.8277948369669104,-4.5253035475669865
Agaw,-0.7445470117311456,-2.6852355902195266,-0.46595253572106576,-3.6270613344187135
Mota,-21.414426961239716,12.130258560811416,32.0970009702946,-11.413674564478063
South_Africa_HG,2.0382873586073273,-3.346008214982363,-1.8438266502096783,2.318121478126487
Chimp,9.251999461611017,-8.399940250531383,-11.591495038144465,0.5157343000819874
