tipNames,x1,x2,x3,x4
Altai,8.198749754768142,-1.8008697722819114,-0.8417623445988915,3.475705874914782
Mbuti,-14.432176551601252,23.800756399288538,21.36304175553571,-10.245859749657086
Mende,-17.00392145547783,22.95126472072385,21.941489095480893,-11.461690299976116
Yoruba,-16.220416164067462,21.581908094541703,20.93282109065421,-11.094312215951563
Lemande,-16.019096903845856,21.5387782453051,20.90029582091765,-10.973102500694642
Aka,-14.188383312026131,21.35671913271155,20.07890847328166,-11.22955514703394
Shum_Laka,-17.154078768147624,23.41365668322861,20.369747022583972,-11.786618785299508
French,-11.335994171210235,20.113197752781296,19.21215316515377,-8.200921432334958
Agaw,-16.049303547842506,23.394491245626654,23.641633439179053,-10.53421988474906
Mota,-9.328560719436322,27.293569517302053,25.69505073548189,-8.433961085133765
South_Africa_HG,-13.650640816102177,19.510695582627186,16.65237629161193,-13.827780118669697
Chimp,8.495479816871319,-4.778745822187394,-4.279168838835541,4.5030326730325205
