tipNames,x1,x2,x3,x4
Altai,9.004367538558771,-11.828338017099092,-11.107420070784487,0.07332984964864231
Mbuti,5.515794174182866,-6.804363458647712,-6.459115822947469,6.43650450337547
Mende,1.3685679133423068,-2.216426273623924,-0.09094809496189171,-0.016633733410756024
Yoruba,1.604601186527695,-2.367521834732854,-0.21379679521358172,0.27700045479118923
Lemande,4.197913238931306,-4.265275247548491,-2.683598698557615,3.2186157400437896
Aka,8.110581001784638,-8.308351140086895,-7.182344461263762,8.142595565238576
Shum_Laka,0.5838956982693162,-0.9201107628348284,-1.4693906109199868,0.36760923915039334
French,15.778934569640494,-13.671096373694695,-19.248057685041694,9.853680826173784
Agaw,6.649585804884238,-5.0156743174177105,-8.899372371659458,2.5138304872758677
Mota,0.5975262394790812,1.0189931474325582,8.128830127523251,-8.008613387883832
South_Africa_HG,-1.318748718307908,3.1695307482919577,4.342438160678478,1.5215864025260464
Chimp,4.641329435213129,-6.382336745861309,-7.174699930966983,3.327242356832388
