tipNames,x1,x2,x3,x4
Altai,16.71939296928575,-21.36064157344287,-23.31074191008881,7.594052179550907
Mbuti,3.925738346132658,-3.6873839291205885,2.843322148251497,0.9442778285128526
Mende,4.023006122035026,-1.4037341250913906,6.510072975583196,6.641005362078106
Yoruba,0.9355091975280374,2.0538764228457715,10.094543407222746,4.991431119869339
Lemande,0.7412081432562168,2.750121088999789,10.200309515837372,4.141907081336024
Aka,-0.5011666101034304,5.340849338368309,13.08901680017694,3.9731237362974134
Shum_Laka,2.980324720222442,0.018966568313695947,7.001165083538655,5.782079046301938
French,8.325947573682594,-4.884630578846216,3.1426420056134377,11.215133972323118
Agaw,7.0286122048772715,-2.8019157410887665,3.3804290237001577,7.957258639878861
Mota,2.435518949996135,-0.0328164268324711,8.043570145900551,2.8653242717909464
South_Africa_HG,-4.483154356343294,2.4925091966826978,13.78889041644867,0.7257080954132222
Chimp,0.3884300272283506,-0.10155314565860003,-0.10511427605259367,-0.3404530288137614
