tipNames,x1,x2,x3,x4
Altai,-0.33110674468369083,0.7083541772884185,3.0049921815165757,4.728518309823148
Mbuti,13.203351560136444,-15.415749431153094,-15.78046281989087,6.409460827822288
Mende,3.0422773110619437,-5.749923111242408,-4.230788878160508,-2.685282107374282
Yoruba,5.824758307582566,-7.78620201419994,-8.97673765162265,-1.5926184356232138
Lemande,4.5396329279688485,-5.599491481044529,-7.052324203549982,-1.217672998748148
Aka,1.395103979304393,-5.191237579714404,-5.178113109504829,-1.0547576482047871
Shum_Laka,2.2945588810840487,-7.300694497847646,-8.327445005786648,2.000283818949768
French,5.747385121709358,-2.1750989996219534,-7.471910859308115,2.0145343159112317
Agaw,7.85233089107151,-7.419962006962928,-10.646640161750703,2.301953746346951
Mota,16.33056607192846,-16.842836825652526,-16.36121649095836,3.694490432412996
South_Africa_HG,-2.4805642720658376,-1.0137996910199663,7.654567825843329,0.4193913818159025
Chimp,-6.206131209091589,1.5283816131342827,5.5298556306162805,-2.1699205256053653
