tipNames,x1,x2,x3,x4
Altai,4.8051998289850175,-9.243084486927646,-7.9496453101533255,5.750879046442698
Mbuti,-16.84547427819877,16.717599319238296,23.410328638669586,-5.47709658732645
Mende,-10.644580106470054,9.96651850472536,12.293601310879353,-4.873440508592353
Yoruba,-11.597998875081114,9.607063450747487,11.947516375989245,-5.699004971260472
Lemande,-10.091373360002954,9.371266878579878,11.043946578177044,-5.83161125830233
Aka,-10.520940974291626,9.337075977092057,12.750004367326836,-6.688310494931565
Shum_Laka,-9.785878495210572,7.6391993936391405,11.958248557410093,-4.850191596519686
French,-19.753547341489654,19.020462273963684,21.847134705118968,-15.817700024574863
Agaw,-13.708753334280576,13.235113976226453,13.331211607920766,-10.319321726560299
Mota,-29.3071573111785,30.504431416114922,33.720997059994765,-16.0052612096391
South_Africa_HG,-5.052640775363867,4.8611252310291295,11.962242285840922,1.811732125987219
Chimp,0.6613444166303669,-1.4142040209999855,-3.7995482660182076,-4.404903234801455
