tipNames,x1,x2,x3,x4
Altai,6.221884842856633,-2.843297429710927,-7.558993655542764,6.820781769106768
Mbuti,-1.4808280771170412,1.6511567125259021,0.03203250458854978,2.4311775917520975
Mende,-10.361815498486697,10.0106332077989,10.473011418280684,-6.7683439959737175
Yoruba,-9.554978165362705,8.873318890478554,9.61036772173643,-6.463455419655455
Lemande,-10.711970044680816,10.50827181808703,11.383915083963933,-6.405248759848075
Aka,-6.255386156828021,6.010660018824019,4.846489502096665,-3.8828239052006053
Shum_Laka,-2.5655107470259524,4.274407154077331,3.9271379709781016,-1.7727851911176704
French,-17.115731969547824,13.989960054393203,10.76554951642406,-14.751267169347855
Agaw,-12.906844682763982,10.76269994654426,7.9759340682107815,-9.393930614760418
Mota,-17.192613948331648,15.577059570794352,3.8677706956509503,-14.957348027764679
South_Africa_HG,-2.1769316489183566,0.8209985617129696,-1.6255861522437167,-2.1799936883268627
Chimp,3.438737692801302,-1.2975843423192355,-2.33636210406822,-0.569912300711628
