tipNames,x1,x2,x3,x4
Altai,6.420752042605373,-10.889152479202563,-5.785221980543076,5.883113481027234
Mbuti,12.119910000099416,-13.724630934504052,-14.134107400672317,7.562224909432204
Mende,14.035262095964493,-16.671407204604826,-16.957940008748967,9.570109617892363
Yoruba,11.67325102808493,-14.539658816235832,-15.471627515056426,7.218476437713817
Lemande,11.757918169850454,-15.22815818968606,-17.554261188047864,7.295149283422578
Aka,10.902222007586397,-13.73078491695729,-16.38577841954455,7.833438272793139
Shum_Laka,9.54785108602264,-15.053866762767848,-14.743734804908838,5.166893184215696
French,9.395450505119689,-16.562046740112947,-15.485021139928696,3.4067399563558367
Agaw,11.057479262356459,-16.453614662923687,-17.456849072240722,3.1527348712911856
Mota,0.8561736401548803,-8.304933866112439,-11.71899946372913,9.527271305269618
South_Africa_HG,22.231789280977523,-24.664606048469395,-26.646473278197526,15.148461519747745
Chimp,1.8328326009867453,-1.8700823177381143,-4.2290828164022205,6.300811674490183
