tipNames,x1,x2,x3,x4
Altai,-15.166283387517197,23.17238655669728,14.417450981672049,-6.795410100038774
Mbuti,7.858778921962411,-3.826301508086866,-0.1855924737625143,5.870780294051578
Mende,8.38925755666134,-4.570930596510718,1.570562666972211,9.88896815919082
Yoruba,8.831311365532022,-5.309005131596242,1.5870665228772913,10.16469859730045
Lemande,5.902331680231798,-2.4682244784081275,3.910596992216812,8.497795412808301
Aka,10.225062339438816,-6.5051640400618975,-1.6214642124226883,9.067953594016442
Shum_Laka,4.520232950218906,3.4559737241298243,6.4619536883198965,8.421497902559803
French,11.414829567951049,-9.486965312081491,1.131435320559421,17.931177040630608
Agaw,9.007509367692233,-6.385142030296493,0.1860882120641505,15.135339158236357
Mota,11.716974355489288,-9.693437732053876,-9.86089455879869,13.2588659496282
South_Africa_HG,-2.7177865280544875,3.7289678965686064,6.1803340042717805,1.3856235990631065
Chimp,2.7130277166313794,-1.7927575079316358,1.8606823853031877,4.640148119290062
