tipNames,x1,x2,x3,x4
Altai,-7.200803233176673,6.574369737820227,13.323776030315887,-8.986560958597243
Mbuti,-21.58508502579953,16.095899594712684,35.34048537255511,-7.420469908511507
Mende,-17.537063379397516,15.535163329841359,32.78317114142878,-5.166627814382563
Yoruba,-18.689852468627393,15.762186995158752,32.67898434742658,-5.781544596385315
Lemande,-17.710556162065163,14.486185182716534,31.034054601287817,-5.3363317227712095
Aka,-20.989031106425458,16.237516434774236,33.15626140062988,-7.5813956386880825
Shum_Laka,-24.33891456853731,18.539436820987596,39.84830387848771,-5.196434819431552
French,-0.16429393097565925,-0.9992699860762452,13.828810053257882,10.555387119339441
Agaw,-9.938067412271783,6.0130560786244045,22.149283770744532,1.370042469776719
Mota,-9.943131725419667,1.2588675896965635,23.055490271311584,-10.195183542148495
South_Africa_HG,-8.96007597865792,7.4668104586082045,28.04460833584829,1.0161619155453039
Chimp,5.11007426980483,-2.9139206979836016,-5.3987283384758875,0.14071775696010538
