tipNames,x1,x2,x3,x4
Altai,-6.372727728648579,9.150693334094928,19.406314220875775,-5.8004580665298615
Mbuti,-0.5460952660935892,-5.690317188785106,-1.7277905530151263,-2.6180454289296207
Mende,3.372782358158268,-11.392103745514548,-4.846939607924851,1.0026649123595002
Yoruba,2.199405029850817,-10.42456867770015,-4.249139679721735,-0.7993994894962374
Lemande,1.2153686683456197,-10.031438147422316,-4.434019324681811,-0.9134361457636263
Aka,5.62125227759318,-11.691168973742291,-7.912281098683018,0.6865359557730624
Shum_Laka,5.664952755637518,-10.083899802218793,-6.126195905323748,1.2153801165041909
French,5.493319480392561,-13.143540078715128,-7.4590134269750905,0.5582378932291663
Agaw,1.7847097175961686,-9.995818352545108,-5.2556387224034165,-2.1555619397179893
Mota,14.29838452778525,-20.70565307680846,-16.55073869837214,12.261733521946766
South_Africa_HG,-0.24428211338900185,-8.2194745558057,-5.483699490628847,-1.9795400020003415
Chimp,-10.005713775845928,10.219884106422338,10.689458207292697,-5.089957673865857
