tipNames,x1,x2,x3,x4
Altai,8.378778449968408,-14.573871250330702,-0.9554780712460911,-0.015758429823792053
Mbuti,17.812144229837322,-10.39186870659928,-12.393758881083695,9.31807894815587
Mende,10.287649138665941,-2.6074443070775573,-6.09959699421003,4.529478506299986
Yoruba,10.878483154401659,-2.823374998418893,-6.910741338474635,3.755037857675362
Lemande,8.708673316669165,0.821353823700651,-2.8390945825988476,3.1513365021229247
Aka,12.708029352641404,-6.666515164922677,-6.85170121867233,6.0088664015124404
Shum_Laka,9.328272073212272,-3.545686293080011,-5.6607876182759345,1.6212198970247407
French,8.332018836270638,-4.788752121917227,-3.6918345213534995,10.910536518418574
Agaw,10.44432251573,-4.934335637796681,-6.289624132728671,8.957262608098777
Mota,24.017128905889326,-18.298860308681608,-28.487660817390864,9.694239427912184
South_Africa_HG,11.976782691735139,-8.550916870146574,-7.923797368827231,0.7906074690835063
Chimp,1.0098021022384134,4.831287538015591,1.7574186321048906,-1.749139883844352
