tipNames,x1,x2,x3,x4
Altai,-0.35397889359917145,-2.200983766888162,-2.892085208108297,-1.3769771601698024
Mbuti,-3.505020092934414,-11.724626717679111,-3.0791141909075597,5.318568451896459
Mende,5.501765710250201,-18.571300949208585,-9.530909325290096,10.284768621632727
Yoruba,5.84878574634029,-19.4574495844657,-11.469410406347322,9.685843942909534
Lemande,2.993831080347774,-17.816530342965514,-7.166060004408408,8.405035178895217
Aka,1.0309821199941354,-17.015490067109408,-8.25584010405706,6.814410783790358
Shum_Laka,0.9198707737188093,-14.364916339167808,-9.69669206131073,9.303989180877837
French,-0.5238607151626675,-14.202868529023863,-4.832524036375484,5.4408285261991125
Agaw,4.490506918363965,-17.71841166414982,-10.860033625376694,7.280781786528939
Mota,7.927454366839804,-28.330072439542107,-4.44534018810512,9.040155712208772
South_Africa_HG,-6.090625681455064,-8.16222464193524,-3.366970108179185,-2.517353641627838
Chimp,-3.6530912801363065,1.384892210809787,1.7178107919989525,-1.5395934362978922
