tipNames,x1,x2,x3,x4
Altai,13.55676209669021,-14.823113320378436,-16.648630908912487,8.570097022932833
Mbuti,0.09205784211228973,8.50815480999407,5.302865468916874,-2.461114276092438
Mende,5.394466643631784,5.530435639835813,2.1779798770716043,6.1647354868631785
Yoruba,5.7969215414825355,4.691837565072641,1.7285482675401358,6.1923313589071025
Lemande,5.546607994824501,3.872555930068047,0.3958602881348591,5.468867596446336
Aka,7.067242100006576,2.212156238529249,-0.362363399182334,5.927366591905698
Shum_Laka,-0.0312622183309772,8.2434549904731,9.085206999233689,2.54065308680211
French,-6.97401655568625,19.067673971089935,20.530662354668642,-5.158699029467799
Agaw,-3.1667241869237084,14.29256020901817,11.211923935820213,0.0549345244208983
Mota,-13.227714675522249,23.474243250463402,18.88542589229096,-4.32236519216478
South_Africa_HG,3.347355727157135,5.706603811593292,4.683671534688687,6.595839692302482
Chimp,0.6866256954196854,-0.3746552528351936,-5.381900632025667,1.0133285094585156
