tipNames,x1,x2,x3,x4
Altai,-10.991109041326325,10.790890607893422,5.592519343329311,-10.933085875104753
Mbuti,-1.484881058901926,-0.9768031565254147,3.0138998845265474,-6.1347172407956165
Mende,5.003705368094591,-5.004833637554347,-3.199340339771607,-2.497382525390032
Yoruba,5.025522429788642,-5.394801819099518,-4.6698419086804055,-2.9916747079920216
Lemande,5.836619354062766,-6.081414983815747,-4.979896462202474,-2.310894675897099
Aka,-0.30278638593724483,-0.7602315107283353,0.5003420867484927,-6.989080711546478
Shum_Laka,-2.829342385031736,1.3987461635588407,6.039869867973145,-5.8216189730288495
French,8.155053705764583,-9.053619844479417,0.30718584849886565,-2.2544415125692003
Agaw,5.07207085839624,-7.921564861172872,-2.6530344429638792,-3.229316435493215
Mota,8.708384838739414,-3.8253733753344976,-8.156524191914038,5.253927324770634
South_Africa_HG,2.1156141055290685,-0.19106107275708806,-0.4265582293497543,-4.74921721774488
Chimp,8.538838958613734,-9.304896027883233,-10.694246156144285,7.713517223118176
