tipNames,x1,x2,x3,x4
Altai,-5.25951361055904,4.914697486328639,3.551920683703439,0.12030435943045759
Mbuti,4.523342895826787,-6.772592506933345,-5.676411399633844,12.92330587077741
Mende,3.8437323216346164,-5.742708337824005,-4.143301938980958,11.592903274956063
Yoruba,5.813767488618278,-8.425394407433,-7.584668238057814,12.553754749604318
Lemande,2.9630599926061287,-5.702222180304616,-5.117680078959108,10.2335975940856
Aka,2.0417912487738086,-4.4632723335761,-3.4724979739906883,10.47779051472541
Shum_Laka,4.125786365970687,-4.099467871697927,-1.6761733206696539,8.231406810752082
French,1.1737037122165808,-8.117483159945658,-9.139959340330407,6.423699729324583
Agaw,3.3846794418518136,-7.590447702594556,-7.465461375941304,7.37289244989843
Mota,8.763836197655207,-10.354310731436419,-7.696318457111541,4.251927716538621
South_Africa_HG,8.329788218790759,-8.3234805505602,-12.937838083427565,14.790493750006716
Chimp,10.657758280815633,-10.527029753577564,-6.458965250679895,3.76869098033323
