tipNames,x1,x2,x3,x4
Altai,-17.861182549339,11.992102904816836,9.512067865113323,-12.757500426361073
Mbuti,-3.5282686497686218,8.073126598878742,2.354149495730054,1.3880955094059564
Mende,2.8749581132965845,3.0453459524378683,-0.3506839532115727,8.542230182818116
Yoruba,0.5699831257820644,5.704444093395094,1.5870531961909902,8.166888391869614
Lemande,1.7725725071191172,2.3021807694797625,0.4822616261395347,8.72810434040931
Aka,-0.03807950717821322,6.2106261704641055,0.6487667442673828,5.3483760329956205
Shum_Laka,7.158427132014696,-3.846369516366916,-5.7507019670084185,11.799869029942375
French,9.619686935519304,-2.6294930149871583,-7.258339750252181,13.0637606914159
Agaw,5.728849512143715,1.7901187192799421,-2.0138232571314454,10.17462267702478
Mota,6.088113485788452,1.4116359069249396,-2.41039447968065,12.981704515484296
South_Africa_HG,-2.8789980473604837,7.99760781243424,5.512468424208391,0.9289294186109847
Chimp,-3.355513189355945,3.6201199298474678,6.3776948117217955,2.387573398898015
