tipNames,x1,x2,x3,x4
Altai,-1.6509242737430196,7.86236507852545,2.2135873645406874,-1.295947328989599
Mbuti,-20.38718017533141,20.71966270943481,22.759345730161908,-12.582713586881738
Mende,-20.831542237427833,23.145151355395424,24.797756423035633,-10.481851523629295
Yoruba,-21.202437879216,23.854032713479985,25.324658327355614,-10.974932647465899
Lemande,-22.590152502229724,23.987781670220905,25.929502613899636,-12.301227524054887
Aka,-19.100679694948848,21.15929696960968,22.60772600585106,-10.972963634214727
Shum_Laka,-24.121369219141375,27.26864720394281,29.07944320226013,-10.896284698270271
French,-24.800020333105582,26.785489896293672,34.25736251536657,-16.337277052493214
Agaw,-21.84295179289781,25.39139159079058,26.97251017367088,-14.449547836879868
Mota,-20.688860607781994,17.126748132070645,22.75852233616946,-13.919607495915418
South_Africa_HG,-18.950496636606488,18.618071685172772,19.577916649866733,-10.822716140627486
Chimp,8.411559723413463,-8.122166381464018,-11.013453568157502,6.00348496056108
