tipNames,x1,x2,x3,x4
Altai,-14.608882973102675,19.08937216286284,29.15624314786984,-7.126071218437787
Mbuti,-8.584269808527651,7.3762375304194645,13.624122243982555,-2.2901309742196814
Mende,-7.127486033897596,4.102358628327201,12.317170088511949,0.48606532047983064
Yoruba,-6.999733153194624,5.522686027306922,12.584676800922486,-0.6387830042387166
Lemande,-4.975089477602906,2.603737793518716,10.271708770810777,-0.13106360708189352
Aka,-4.747161930191849,2.861633646388217,10.4089890929188,0.22714534215478815
Shum_Laka,-12.240886304964747,7.222852531264736,17.92501444620821,-2.8291554850345517
French,-9.394222900446087,3.496418192204522,14.302395073717411,-4.345615805200137
Agaw,-9.948641072356622,4.649638564245988,15.134376376367289,-3.300272135722204
Mota,-34.04036685763588,22.23558562480799,34.87000109405486,-16.387661071446715
South_Africa_HG,-8.909332636162121,11.607067912136223,22.406854589187198,3.960578720109701
Chimp,-8.2841562227302,7.751420235270265,8.24308053863695,-9.325963625583292
