tipNames,x1,x2,x3,x4
Altai,19.4723539775453,-18.218823793623237,-25.578776525567804,13.531395586243702
Mbuti,6.701821785064043,-1.8924134937401584,-10.49582826496743,10.137599725730938
Mende,6.04033018863699,-3.717531985621025,-7.7905456115999385,8.296614886586076
Yoruba,4.938879187474698,-3.258357822157623,-6.810425617628319,7.301249683087398
Lemande,4.220599504920053,-1.9784348818199797,-6.049125825185062,7.52505634506444
Aka,6.3173159659089,-3.800818962936381,-10.638545557095917,9.820753854886147
Shum_Laka,10.334486938578882,-5.3656346379552105,-17.82106930350356,12.309123708489782
French,5.898429905700799,-1.5334568191257139,-8.11401569799035,7.325418519094445
Agaw,4.526321775732702,-2.8439054735043374,-6.957577913737068,8.593238735319403
Mota,2.9151241505987366,-1.499524172483163,-4.843791336192301,9.394570632082953
South_Africa_HG,7.704430971821169,-0.09320681047883639,-10.08445289666141,8.427419250298854
Chimp,7.6966237234840875,-8.888563601850436,-9.494828658951267,6.296811125845544
