tipNames,x1,x2,x3,x4
Altai,5.137610852778649,-10.901247473049711,-11.734812995654227,0.494130458953828
Mbuti,-21.137541297397316,9.056740084534104,13.758525722992932,-12.495722588224725
Mende,-16.550588368920668,5.115380977588011,8.283023778953236,-5.38522782115921
Yoruba,-17.986473635868247,4.867489636476577,9.146032494743146,-6.790764523391842
Lemande,-18.124548851416556,5.2946957973051685,9.414818873794607,-6.306793912930537
Aka,-13.505751297657978,0.17458590755019543,5.238847794670174,-5.568620174109172
Shum_Laka,-19.109483715031086,2.645405357706617,11.745247341744935,-7.001765866430821
French,-20.14954070047464,10.146127917879504,13.334299617429338,-8.017067122578851
Agaw,-20.297618547777578,9.059335791644468,11.44720214655515,-9.591338843514404
Mota,-11.561235133322143,2.6363423169051874,4.519588073395143,0.2207682196429217
South_Africa_HG,-11.38506055075802,-2.08807469050131,6.2919264331387845,3.7756756071310495
Chimp,3.4478086659421536,-0.32991669532773793,-0.6963268016703763,8.639792632488936
