tipNames,x1,x2,x3,x4
Altai,-20.72987210423446,19.164309065932308,22.034146478539796,-22.526323284306372
Mbuti,-6.57967813448705,7.893303563820573,4.024080941400615,-17.807271287191263
Mende,-13.786290141244459,12.38124784220053,11.24977053547534,-19.377968688275768
Yoruba,-10.547490227599722,9.909603432579427,8.753788384200838,-17.21260155781477
Lemande,-10.08415409935783,9.756763169871478,8.123033858821081,-16.370097366272287
Aka,-5.365712427399833,5.09709982886846,1.7718715063756134,-15.325296975067165
Shum_Laka,-9.29656095820454,8.849954288099015,2.8991988005756566,-17.45591644066502
French,-4.896565668154607,4.482677637913935,1.9140604693826249,-14.883253816766722
Agaw,-7.643633751627551,5.685264783895378,5.900443221157075,-15.708489194635392
Mota,-15.682991249850797,16.70881944927016,19.07594959747861,-19.102977832273982
South_Africa_HG,-7.708169510574759,6.79782520983133,9.673322292289129,-18.864548594752172
Chimp,4.402195489485158,-3.494582192272222,-2.343975252203216,4.437543430340852
