tipNames,x1,x2,x3,x4
Altai,4.209962401840141,-11.81847422278026,-16.87538982239585,1.9702630474695018
Mbuti,16.430983328020343,-12.544331113262574,-17.05342137285003,8.1942918926946
Mende,14.751944996179098,-8.274165458333156,-13.635574255011523,9.859283157261483
Yoruba,15.926747371877541,-8.985964420175495,-13.86486866557911,11.717297484813502
Lemande,11.720882980027554,-5.1320722254600994,-10.161197379701544,8.989641615175888
Aka,17.235743591006564,-11.941163710898302,-14.9597834140772,11.61886019035548
Shum_Laka,20.509097577566983,-16.200648517705407,-19.113653093813035,14.682133298223754
French,11.552418793635747,-7.366752059880947,-8.514507514942363,6.598143194131635
Agaw,12.285286906948636,-8.196051256973655,-10.431257811037348,8.344955455455235
Mota,19.4732719559186,-19.008750868050914,-18.63453786251729,17.6176003328978
South_Africa_HG,18.951284336448737,-16.060746391990357,-13.393667142933527,15.33610254972541
Chimp,10.5716550947616,-8.833556191272457,-13.329379432730518,3.2962021611778254
