tipNames,x1,x2,x3,x4
Altai,1.8478787265362095,-5.9128077509802575,-4.755164572803439,12.007680768299277
Mbuti,-5.931915729744819,1.0356295490847156,3.3930160963766953,3.096863003599217
Mende,0.5240883385597047,-4.005096818301067,-5.4927648764005435,4.23432115116068
Yoruba,-0.6974087115954086,-2.348498058860393,-2.38477245276697,4.693999186916372
Lemande,-2.2548060856643213,-0.9054817441311862,-1.8471709223639254,1.4231388176576
Aka,0.6545671154994146,-3.246657784081506,-5.203852378787088,6.320011828780158
Shum_Laka,-7.848679967695602,5.128289231749482,1.7938640790904565,-0.3364931002528113
French,5.086593350567228,-4.782419035275758,-7.670435544672874,13.08470016119596
Agaw,5.867783222680912,-6.785760058985588,-8.251034700565237,10.352125561292945
Mota,-13.266035099803812,2.3974085702923436,8.07019722247746,-9.688431073730213
South_Africa_HG,-3.282247223400898,-2.055671314437029,2.0364014376234647,8.504001513489271
Chimp,-1.9821909853239739,3.5530672145002575,-0.2164770036696913,-3.1976482676177813
