tipNames,x1,x2,x3,x4
Altai,-12.12409527611577,11.031838952644828,6.730563622555847,-6.39878251178518
Mbuti,1.300554296271902,-3.9714545387680213,-2.0001026174933867,2.397126596339878
Mende,0.5830585142616039,-4.426443636723032,-2.3319154817013086,1.4210303570508207
Yoruba,0.7721296587084537,-5.292469326161268,-2.730371544435333,0.9551831070385326
Lemande,-0.3784240908933203,-4.6850343364725715,-0.3684475040357509,0.0004805130098095578
Aka,-1.208865727575388,-2.835261775462811,0.44189075202715744,2.291757252222723
Shum_Laka,-4.286509761076118,-0.334057869308499,3.8238334375859773,-3.3394228526004293
French,3.3204176672803185,-5.22239140075014,-5.537400012767274,1.6646927351069045
Agaw,2.0655612538700834,-4.371386612594097,-0.911784328981762,3.0079787558260276
Mota,-6.0532913884180966,-2.855852753665925,1.7822259357166432,-4.273495152289818
South_Africa_HG,-4.343684837769809,0.7523380363409218,-2.1823742964113944,-1.9662712548174002
Chimp,8.299209049327889,-5.873701502410161,-7.986168108404725,1.2788652268070524
