tipNames,x1,x2,x3,x4
Altai,0.4731913063767159,-8.485085036410094,-1.410047901624762,-3.9242169538657823
Mbuti,10.817357400103282,-6.987415292884571,-9.794035711254553,3.4795465795494707
Mende,9.446828582506596,-4.3592969496969225,-5.472834355990491,2.4971413167228915
Yoruba,10.234596137275263,-6.421639199911775,-6.931440352590463,2.806723661568876
Lemande,9.560039978657029,-4.910819484729075,-4.165490758673995,2.724698047607212
Aka,4.9928104707757015,-1.6195769487731244,-0.5797045088840433,2.252016524868761
Shum_Laka,7.791754601128153,-3.8016226417046903,-1.4812977855330685,-0.28641624256998766
French,0.3356633627414011,2.335062788641035,8.053784438659827,-8.248217822359457
Agaw,-0.27722158704310207,3.464322081148829,7.636948478112534,-7.122806747428877
Mota,4.203873800005669,-6.076480865162408,11.00916518801207,-1.2467937924791128
South_Africa_HG,9.819933554069728,-8.018565810720553,-11.559061348338048,1.8283320039338689
Chimp,9.115870749764678,-8.522319578867172,-6.330711588707193,10.240322922603648
