tipNames,x1,x2,x3,x4
Altai,15.832457415786283,-11.728010422513776,-13.480384408598029,17.322084099160023
Mbuti,21.698496513429127,-16.305249582912143,-25.293812747409568,27.540818167735452
Mende,14.740265172410625,-8.818971387972882,-21.874511113367948,20.984245109307423
Yoruba,15.376290960047578,-9.680230504777086,-22.789772431577866,22.163078603454245
Lemande,16.376176086083778,-11.477211227654138,-24.245093655024064,23.056471331747144
Aka,20.270923754390566,-13.4581533122056,-26.927568536669515,24.078729039486525
Shum_Laka,12.602473033933729,-9.801203965206081,-19.87335127686045,20.529403979095996
French,10.649581945706132,-8.84646736426657,-12.974311686178467,20.174384744047227
Agaw,13.30662955898234,-10.026784068359328,-18.93129338944625,21.405825541419524
Mota,15.954482682367365,-8.503925767408168,-22.822774814883694,34.236644223142534
South_Africa_HG,6.835190220475393,-3.811200962478183,-12.934487946863987,12.967548958186061
Chimp,-2.60729899528852,-2.1318846153128126,-6.699553584405785,-2.809122013494103
