tipNames,x1,x2,x3,x4
Altai,9.941836762953793,-6.5184100699926635,-8.920639663621719,14.702111577531918
Mbuti,6.521000938648986,-6.41674964562413,-4.8074956347021205,7.79974827713319
Mende,4.74538854038593,-3.724469734476664,0.5625103443209314,11.206156852529228
Yoruba,6.434374152582542,-4.974459914203584,-0.3719268889236227,11.126509827536262
Lemande,3.2774238487248053,-2.4175265368463887,1.1233384749108863,9.995855809385928
Aka,6.968049651713231,-6.5765155723062545,-4.146458129831556,10.759806801078692
Shum_Laka,9.004639001978514,-9.123261879445657,-7.892521462334734,8.359039376644475
French,1.4191805050469868,-1.6926761119759444,7.148544883719577,9.788623720192204
Agaw,1.8159825555327882,-1.642374773604562,5.681329676574925,12.208856605173297
Mota,5.124144748513343,-6.895198697261183,-5.283068200633651,4.280740613614397
South_Africa_HG,7.148905894071415,-2.7055620447240125,-0.5374682836548992,7.20914361053567
Chimp,-3.347791261961951,6.660648717568224,4.123438263656389,0.8584693350389571
