tipNames,x1,x2,x3,x4
Altai,23.675762161446485,-16.763011512355405,-23.630835105306573,20.994215264701168
Mbuti,5.91286053780194,-8.701048625747974,-10.147088106382288,-0.4732704278027309
Mende,3.6063168087634665,-7.140336240890049,-8.289963367934932,-5.361815790014719
Yoruba,4.072089812860657,-8.380600953373644,-7.950009731394959,-5.283360995087308
Lemande,4.05963362657817,-9.574823746055507,-9.779770063990455,-4.802645624247919
Aka,5.352357311343399,-8.599391562159841,-11.392500513181725,-2.460380904391085
Shum_Laka,7.686418398241885,-12.422095799874118,-11.137170497341877,-3.057105626830334
French,3.9205549972133467,-8.849974761768957,-11.677020190375963,-4.673143698163425
Agaw,5.398634537174307,-9.640194896482518,-12.18197705489185,-4.728841536544159
Mota,3.1167607814364855,-9.946163985271742,-7.490553736786612,-6.294852516298409
South_Africa_HG,1.968159522521341,-3.839550150251589,-4.954667046536522,-3.0346844044149295
Chimp,0.5466405922916173,1.2466518540438671,-1.0299181886383093,-1.994879905075478
