tipNames,x1,x2,x3,x4
Altai,9.159266630499143,-16.16103205017159,-20.814243998411992,3.027872994495815
Mbuti,7.513753694590472,-5.35029892010156,2.145318978545985,0.11544486933830811
Mende,10.954557567856563,-7.973632619373205,-3.32641693062678,-0.0811550256672835
Yoruba,12.408721628079858,-9.111370028766332,-4.50826856691654,0.4113826313219943
Lemande,13.724211751396561,-8.63560888781755,-5.457045563686338,2.5285790969591826
Aka,11.069195944238505,-7.79091433041787,-1.6125990363634313,1.7645666442487122
Shum_Laka,12.214841398108653,-10.827574799395553,-4.615794128396806,1.783851694211999
French,10.328019611496051,-3.2172175051547995,-2.1385634240149853,-0.6633763550455032
Agaw,9.393300935932512,-3.194804545707835,-1.971702945917327,-3.453271548718169
Mota,3.5363989812187997,-2.9078751171534334,2.6538528894343534,3.0698275602159653
South_Africa_HG,3.1200142200787573,-0.2320240951143857,3.3802519438823735,-9.429467971362774
Chimp,-4.677807553554581,1.8810336258667646,2.1493697106780045,-3.409097737906869
