tipNames,x1,x2,x3,x4
Altai,12.955810210291872,-12.817150175354175,-14.495032150251598,12.789109896736566
Mbuti,8.777364973598676,-4.415285050677994,-8.701132670706224,9.850040274045629
Mende,12.501799732721235,-11.397600327638271,-12.086785052807098,9.527846308525397
Yoruba,11.737996377279105,-10.564416762907717,-11.405991273956827,7.217847989992
Lemande,15.386171206328818,-13.09744336825505,-15.471814931799981,9.520894913056921
Aka,15.23367252184402,-12.001430616396764,-17.515366220188124,9.661504294105638
Shum_Laka,16.6038974800977,-15.13632907205053,-20.53522326996955,12.255008625944264
French,15.957606345119236,-12.455396115645158,-16.12094469442464,6.943882164318503
Agaw,12.571451840428143,-10.913761835546518,-12.974686763533814,5.826746773259601
Mota,17.392300105191108,-12.508404708495126,-21.4127860116014,4.321709522822092
South_Africa_HG,15.650708568117292,-12.055183035118487,-20.196147405316804,12.802381146687145
Chimp,-0.28311476173339584,-3.5583698095747742,-3.1320933846778307,-4.572012131369025
