tipNames,x1,x2,x3,x4
Altai,5.943140744980794,6.600962943498248,1.2665820423449352,12.711321536442288
Mbuti,-20.319775940820207,18.699761671654404,26.755267732230728,-5.897869228813276
Mende,-15.448175389905618,13.187437094155918,19.740714885748627,-4.739146659660934
Yoruba,-14.504414730613982,12.396805732746946,19.07363870547519,-4.612165123144992
Lemande,-15.132639885942181,12.689065749828542,17.969151963277707,-3.449272820019905
Aka,-20.149666021591536,17.811877114590853,25.308144027390338,-6.468375527474572
Shum_Laka,-18.008199607721192,17.169763006547665,25.528476537739238,-9.261040864713756
French,-11.74683732521662,8.877428528230485,23.97074227416789,-3.6129639473762274
Agaw,-17.37545594223198,15.196845096089497,27.500856071440737,-6.635112668266505
Mota,-24.51025805783633,12.032185545753984,22.483715175025466,-12.037581057118906
South_Africa_HG,-21.15715251480847,17.24989086019807,26.173042574430745,-6.122883458085228
Chimp,0.19468253033527685,-1.9279632065286227,-2.482254847901623,1.1362275532864856
