tipNames,x1,x2,x3,x4
Altai,19.998391904990218,-15.612845317591614,-21.100460742278408,13.700394846141174
Mbuti,7.322900105613532,-2.5017812219132516,-4.411248285365545,5.438885358375442
Mende,13.375134884619468,-8.78608261939624,-8.511852146652021,10.659142789995206
Yoruba,12.107813224080973,-7.377206703556016,-5.659707716470234,10.820507337037046
Lemande,9.94808764719883,-5.0811032232117554,-6.223130886903312,9.082921123055979
Aka,11.549228602205725,-7.007180924397948,-8.095239411836262,9.53851533830183
Shum_Laka,12.567902343332827,-6.259107707511834,-4.880558412601886,7.3227886432817435
French,7.3162506981048585,-6.149774982810337,-7.2657951103391225,4.4270815433606145
Agaw,6.22889206470967,-3.6072484546275483,-3.9255337616686754,4.028289705192341
Mota,-21.99294343403217,26.73271089906497,40.43212736743803,-8.058590272530564
South_Africa_HG,6.132390633246415,-2.0062749570429546,-5.384957938372009,3.9573547518717307
Chimp,6.166858136393012,-1.8781883627219578,-5.6894205701996485,1.1535939578227543
