tipNames,x1,x2,x3,x4
Altai,-0.19868363044642656,-1.702260684334739,-2.6205815381127935,8.82159244956076
Mbuti,3.2692559929628193,-1.475057563711004,2.189234938608588,11.409066569205692
Mende,4.188142323100852,0.7093790720331064,-4.404576523332381,9.303766106869535
Yoruba,5.40402546211348,-0.10194273879511195,-4.855315675593077,9.929077228788099
Lemande,6.5305012059234535,-1.598452029569352,-4.209135342113789,10.615599820718868
Aka,5.195103624011031,-1.5332829293011006,-1.7937785296414694,13.329754407694345
Shum_Laka,2.32516235950942,-1.112686583548039,-3.58227353948389,10.238325865153959
French,3.8205998492651063,2.583687635814255,-3.876561493363464,6.430343606333098
Agaw,5.404370854904526,1.4832049874508544,-2.17847538379758,9.419588098421327
Mota,-5.537477911043987,15.677340469136805,15.018683045014159,6.8394125767141
South_Africa_HG,11.873359542591398,-11.115852154632169,-15.697560480443599,12.380755684838482
Chimp,-7.017205461514175,9.97858301471293,-0.6762877817229912,-7.437783496937781
