tipNames,x1,x2,x3,x4
Altai,-7.823094253769287,0.6350188363094422,6.823761986056514,-1.9274820833584627
Mbuti,-14.216089089707483,11.45968655406788,5.702445318961465,-13.450335295789165
Mende,-12.1110733259671,12.571214771616251,1.4395847454039883,-10.995753325487414
Yoruba,-15.625606928131225,16.283700098779946,5.873300135578215,-12.995940175405421
Lemande,-10.919611613203003,9.74761136065632,1.1704713483076723,-9.898363186995773
Aka,-10.012871033491109,9.425657000836656,-0.442038927100052,-11.123246929530909
Shum_Laka,-18.222856099916786,17.9650279024622,8.639474148698634,-13.581843139053532
French,-19.678843352496617,21.04248119693979,5.688054932349195,-21.20005902014723
Agaw,-18.216978362448685,18.63690863601076,7.2088004583949745,-17.654356338658882
Mota,-12.482025816018583,13.601725943520268,-1.7919614276300546,-10.474898164315416
South_Africa_HG,-17.77969559683052,17.071592316292953,7.805052202309513,-18.827066591494493
Chimp,11.914649912428086,-13.472210638179028,-13.338950878205504,9.346481159327658
