tipNames,x1,x2,x3,x4
Altai,-11.14357616820556,9.313829411321723,4.083414242643317,-2.088723097114347
Mbuti,-5.204622062441208,8.332134186007053,-5.6398766131675915,-14.292708809373208
Mende,-10.225894909866868,18.680305826983535,3.403546994139582,-17.219730448905562
Yoruba,-12.754292857461751,20.072062545473155,5.7003121545226945,-18.738089989500278
Lemande,-13.38039191390389,21.25918093390295,6.532917798572392,-18.95116195962924
Aka,-8.983440522609826,16.37526523663733,0.6809131901698918,-15.451413387740812
Shum_Laka,-10.107532350835346,17.729104970815893,0.7245642499361193,-18.577715889211714
French,-23.984994049312583,28.90722147844138,19.758728943785734,-27.528728485003995
Agaw,-15.711605273168937,20.447264355845242,8.50241436051338,-23.161070410458326
Mota,-26.171428882023964,34.373491575392336,16.618666544686015,-21.4567056642112
South_Africa_HG,-1.3936434624379341,4.765586490734285,-11.934951670118279,-11.66848770044073
Chimp,-3.9593656669854442,-1.5689083651109066,-1.4179847111858122,-6.059880932601399
