tipNames,x1,x2,x3,x4
Altai,10.83597060695214,-9.959250342767637,-19.342584150058403,1.3391668232297609
Mbuti,7.24516530562976,-3.936756313103407,-12.497743349216691,-5.873852903454315
Mende,3.3229754475757014,0.6922938101100182,-6.805780301858952,-6.985408344675214
Yoruba,4.6763851437661526,-0.31314140202875507,-7.613202572925072,-6.66619044151121
Lemande,8.57727532250128,-3.2888488373884615,-11.807498364215125,-3.947540911376006
Aka,8.177497974007228,-5.240181139911561,-10.762671281933905,-3.6914011568496417
Shum_Laka,12.348842290136652,-8.305868161431809,-12.156488428809881,0.8888740983095507
French,-0.3901820056751457,2.288024988036108,-6.717170983992212,-9.415161161345415
Agaw,4.168323815443182,-0.2580011867603851,-5.585310088801101,-5.001388999538996
Mota,8.546650398174544,-2.788843209543728,-5.65925938100585,-0.8183101475851497
South_Africa_HG,4.212188083939728,1.3220216509442073,-6.558234476097216,-7.80154640081698
Chimp,7.960050030417116,-6.040007468781566,-2.2245614623557235,5.790925420915548
