tipNames,x1,x2,x3,x4
Altai,-10.879831590771323,15.537877710673186,15.027306064958038,-15.228035276922153
Mbuti,-2.9301890474771235,3.951319317004847,4.440147669247352,-2.922789366151683
Mende,-3.392567483984003,7.443305290675997,5.611430733447271,0.21493402562936648
Yoruba,-4.526560636946414,7.750805860391227,4.9238325802643885,-0.8632738081988867
Lemande,-0.4446491324282785,3.337267575645578,1.3173209692691943,1.0779673521775304
Aka,2.176250634035468,1.5961836089279324,-1.5844672944507,0.3898960884326277
Shum_Laka,-1.1160112634579695,2.6692282671442955,0.16019001371925023,-1.9477661702292672
French,-2.1692449187187197,7.672850184428308,5.792704566411414,0.7765931062268028
Agaw,-2.7495932675841286,5.997698908608258,2.3607282218653896,-3.3273907477824842
Mota,-3.949624052045141,0.1997691291233683,6.856327388153268,-11.966835124314041
South_Africa_HG,0.5090595095114145,2.289210255107966,0.8006669417384558,0.7176604294111627
Chimp,11.49885869754975,-5.95718674227519,-10.105628623603744,6.201876644342762
