tipNames,x1,x2,x3,x4
Altai,4.2723139322980765,-0.9908342905332823,-3.594886005759375,1.765179313920415
Mbuti,0.7805438940473248,8.892179342798062,9.25744315915015,2.8043309250066555
Mende,1.7206619127191654,9.995462212529036,8.503581495087086,3.509820201575282
Yoruba,2.24320549971749,9.104597724809338,8.36281765868377,4.372568082654533
Lemande,3.739386516912941,7.033808486811281,5.734736846720377,3.7735297249667457
Aka,4.745502530365536,4.179357071028788,5.676647483619471,4.426460083882567
Shum_Laka,9.412539249047144,0.3224587196615234,4.198940795584783,9.918454438838111
French,3.8744838604589606,4.010064704900322,10.775925567675486,-4.700041610478686
Agaw,7.345726547496025,1.1583452999386512,6.2354995547685474,2.4680644425848834
Mota,28.520391494067322,-9.886130152232466,-17.533256608731424,13.662782834273393
South_Africa_HG,-2.054821143278361,4.71469986111804,8.489700082290774,1.385578527667393
Chimp,1.6943976427933045,-1.4916208225360013,-4.041810895464614,1.4238749765029735
