tipNames,x1,x2,x3,x4
Altai,-2.812876502943308,-1.3928828492540584,4.4427331751958725,-2.648812664876078
Mbuti,5.735154815512498,-15.88594299334194,-10.280766675035402,2.7821138995027788
Mende,7.973659027888688,-14.818896388709634,-12.549393180508963,1.9166043579243288
Yoruba,9.608696336634928,-16.063550450539733,-15.190851583956622,2.3622350375361725
Lemande,11.783893676172971,-18.471829188348597,-15.956185486074679,3.8100066995700876
Aka,10.839723681172243,-17.71490307106604,-14.40732811521974,4.926480142615762
Shum_Laka,10.913519410574438,-16.07390818104958,-14.037007318485728,6.354081763585167
French,13.563226018651683,-21.92916164296273,-17.26156203857217,12.627449960870301
Agaw,14.946387856132844,-21.60443596025728,-17.63122669384042,10.321135235163737
Mota,13.725010077956933,-24.77425915302376,-23.394114714701857,-0.5416115872060664
South_Africa_HG,4.814926300275273,-12.978177525315687,-13.499566693687996,1.367640719617474
Chimp,-0.21212239457662074,4.295366871483354,3.3835091793840646,8.691796129897957
