tipNames,x1,x2,x3,x4
Altai,-6.362721064319681,10.401079409187862,13.010209005630328,-11.766083165843765
Mbuti,9.654170670031295,-7.362857512040232,-3.5022946987726615,4.516878043700134
Mende,4.945937199670949,-0.6256234106931409,0.43360012001133336,4.275758754534247
Yoruba,5.709033039264532,-1.0082432724638961,-1.429405620732447,4.636222529954026
Lemande,4.980494115831184,-2.412791622483132,-2.7760941759457314,2.199540993047007
Aka,5.277592828217941,-6.866264509323625,-5.740876137854078,0.4800949749215162
Shum_Laka,12.380431283079542,-7.724009555033689,-6.606874304709052,7.011401426759608
French,16.105081888208755,-10.269173889499253,-4.476718369088976,8.126952320921374
Agaw,10.31588351005366,-6.488000401332343,-2.4610291725086526,5.5338366313567295
Mota,10.200958475848818,-6.015536259073842,1.3617177553945763,1.0879706744730537
South_Africa_HG,2.468724708282614,-4.053243150827011,-6.479414736300182,-2.841916296801936
Chimp,-6.386655552948931,6.612809354000538,1.2614048966358329,-8.28765667113829
