tipNames,x1,x2,x3,x4
Altai,-2.8189899627538773,-5.757963620205928,7.285666859553755,-3.3555968326349714
Mbuti,-3.3619879464592684,-3.5802352917094593,-2.666806395403575,-7.070736776360705
Mende,-9.591389233389869,2.785336349739034,9.820981433555215,-12.588619656959679
Yoruba,-12.897744417030516,6.037583278440716,12.55088485503969,-14.324933301590097
Lemande,-9.254430294939386,2.4718106830585778,7.787568714612349,-12.919110312654004
Aka,-4.930124672668775,-0.428879596001965,5.263328847174058,-7.232602354998245
Shum_Laka,-9.967767716305765,3.0821225321819457,7.740374746957258,-12.420982003230472
French,-18.698311452039448,16.40609273721897,21.44858033552814,-19.635075907517862
Agaw,-10.566832813106943,6.210798606854877,11.190993322226838,-15.39017986208161
Mota,-8.79806613586358,-3.5074383391274333,-1.394179980973546,-18.527579389885265
South_Africa_HG,-2.5918207311208046,-4.252454106130396,0.30123700055199876,-4.108205983552257
Chimp,3.6057828603161264,-1.2048938026402765,-6.064116366471129,-0.8390916614722407
