tipNames,x1,x2,x3,x4
Altai,8.870476615517203,-17.31928725819601,-21.402704082596745,-2.865370805876741
Mbuti,4.867432564924573,-5.366776395053597,-7.2100352277981505,-0.4875866135101481
Mende,3.730321112623052,-4.732793539955987,-6.371952670900238,-1.0274796472512466
Yoruba,4.285177411503655,-6.114590318908363,-7.399572436389076,-0.29637251071841497
Lemande,4.619087580787731,-5.751873398964065,-5.898069425120353,-0.3555825733916643
Aka,1.5861610289761847,-0.19507766068934007,0.04294825009536747,-2.5453765932656975
Shum_Laka,7.888460225401952,-9.115034095665742,-8.396511439619289,1.613791654154887
French,13.350462623125905,-12.82594732273786,-17.850073580888292,6.769492105643329
Agaw,12.524688138673737,-13.11004689350175,-16.126031714415923,5.951532632087634
Mota,-2.807893437429504,1.9762292337811243,0.04887601466943109,-8.093391128891101
South_Africa_HG,1.292647409978898,-1.4526003586396907,-1.614977897388938,-2.2564206528157866
Chimp,-0.8153529671423754,-3.0960420931879047,-2.6969392058370745,-0.6813487444491404
