tipNames,x1,x2,x3,x4
Altai,-22.234708914998837,17.58348509424147,31.014456126081598,-8.703190475412747
Mbuti,-13.668830063078778,3.854974556432376,6.2773521365991165,-9.382090113294684
Mende,-13.596677684116585,4.2709947234478935,4.10186434469211,-8.24033253390979
Yoruba,-10.964330870611448,2.300767668169163,0.8386659005484274,-5.476640528153281
Lemande,-9.512316652832817,2.003124409960738,0.8143443584512577,-4.383875994381323
Aka,-13.143359626415334,5.0205675258787315,5.029450172650181,-7.531219618498643
Shum_Laka,-15.114769795807378,5.320412109717381,6.772510813375286,-6.932024689284507
French,-14.934914440537483,4.263736674636325,9.718773226897293,-3.5284055648652894
Agaw,-13.203107232929602,2.2481227901414713,5.972492929050173,-6.292737807406192
Mota,-2.603569835777906,0.3299967505969801,-3.808800958577207,0.8956281420747918
South_Africa_HG,-10.327323976409406,5.390015666200775,8.079332143118215,-7.8754132670574375
Chimp,8.113635017806537,-2.738993002547643,-2.8505329504356878,4.860255017619681
