tipNames,x1,x2,x3,x4
Altai,22.265618484623793,-22.80419782268046,-26.953605893332444,16.790157828804123
Mbuti,12.804858894927706,-14.682614706457096,-18.129243825938453,12.212151585796796
Mende,12.990830066181474,-14.459182038375033,-17.898693247058798,14.075411918307601
Yoruba,11.986719563430855,-13.61270129667395,-16.212985146842858,14.862030766442272
Lemande,11.028033867149086,-13.017223312323857,-13.982146392014622,12.537365930958746
Aka,9.790983108248904,-12.659870648293834,-15.179437286286898,9.930765173587753
Shum_Laka,14.617537548792678,-19.901516581449954,-22.915755584808544,13.335720054869233
French,-0.5200722141434783,-2.5963966913267478,2.339525535495425,7.787820407856952
Agaw,8.935058526632387,-12.57750249989707,-12.133280048419122,12.327390075540494
Mota,10.113739602135247,-21.81548277627332,-8.110238150182466,10.37467261425104
South_Africa_HG,19.226041431975155,-21.02398088190297,-23.15770454015624,12.409828957552065
Chimp,2.0360376385398395,1.6741563994000843,4.009052076510265,8.411028331314991
