tipNames,x1,x2,x3,x4
Altai,-7.495190680735147,0.6459852321945887,5.739934840723947,-7.965743233382568
Mbuti,6.928950289620391,-7.181820655232178,-3.8699488579782555,2.9209541480412673
Mende,13.96726912760409,-15.311198518522595,-12.841309287271386,8.554673362036729
Yoruba,15.006389645946413,-15.570715364146139,-13.798952467796251,9.657404419506776
Lemande,11.593664357592155,-12.746100372619063,-9.961327049310079,6.078109399466672
Aka,11.137405727594773,-12.10409731782025,-9.693932744324247,5.926590859138289
Shum_Laka,10.326613770589939,-12.17289605555292,-8.979220651021675,7.99582589455939
French,12.743044921743126,-20.20239982634669,-14.388927696259806,8.200176240225469
Agaw,11.486073937953666,-16.79237935150404,-10.75921536979599,6.723965564780546
Mota,16.21634597077164,-19.019231191579,-14.710904737293983,10.652549284805739
South_Africa_HG,-1.4428636489341664,-1.8493867884610005,2.4987064434448523,-1.328716280239986
Chimp,0.5140742638659419,-0.7834921230116867,-3.4209420881020587,-1.336768862491642
