tipNames,x1,x2,x3,x4
Altai,2.6250376836646447,-6.2919371906359975,-9.679023580707584,-1.0804930582289831
Mbuti,0.20319617078029983,-3.02152460391191,3.845223450757845,9.687676292328891
Mende,-6.865299517637488,2.248713567840176,13.56665537665038,1.5568218672991971
Yoruba,-4.085664674886212,1.0962899953244944,11.20317718265021,3.832972625962138
Lemande,-4.683057089614403,1.3011125348485306,11.02436676081953,3.2950288579252915
Aka,2.7772259034927984,-5.357947666164893,3.2273984545229712,7.669311860842109
Shum_Laka,3.2002962566054545,-2.8532073143579266,4.914006898569822,8.464306228055118
French,0.24069534101206336,-0.7259490831706747,2.340250576912533,8.422343277585997
Agaw,-2.084666609797628,-0.8089906727195237,4.843745462528012,4.0120697302843595
Mota,16.75767654930114,-21.76138086441465,-9.817538366731167,16.565725599743352
South_Africa_HG,0.3506570254545611,-0.9962599547802178,7.463119624837112,11.052047358509054
Chimp,2.3599324025059847,0.6064901078782479,1.5710602492840675,7.712904565635691
