tipNames,x1,x2,x3,x4
Altai,20.77883046187781,-23.661689813669774,-23.88542378539483,11.9807798459098
Mbuti,9.687735889676526,-8.182454416463598,-5.551939544915186,9.126962378243855
Mende,4.078568638126681,-4.24581107092475,-1.3012381600214482,5.597552748562094
Yoruba,5.114563633279178,-5.008543254466001,-2.5559475041314923,5.84143834232895
Lemande,5.603870862186998,-5.798330247258277,-3.684254322026033,5.783861028798312
Aka,6.74095822299989,-6.438804615987267,-6.714562022089154,4.993600405338754
Shum_Laka,9.169597520267507,-7.545579817676762,-7.33634060857195,7.016836733815155
French,4.988758231732236,-12.219797799354334,-7.457568383520298,6.424661721049275
Agaw,6.328792448884657,-9.706388472061533,-7.030861047096904,8.993831142725776
Mota,16.012078814788527,-14.810254248037738,-22.977956507810376,9.77789402557287
South_Africa_HG,5.189305765180138,-10.294474837837045,-12.330173554886796,1.9530104502100454
Chimp,5.07446259197785,-4.252119952228136,-7.669068909863345,3.4332104525174163
