tipNames,x1,x2,x3,x4
Altai,4.715542076584784,2.3905916783663113,-15.636802382937397,1.9916940610608833
Mbuti,-9.068478983762423,11.607551123694737,-6.085425737320556,-18.820141905643258
Mende,-13.06120182691279,13.952686053618647,-1.0926210120090334,-18.707670866868483
Yoruba,-13.040318121045111,13.512963782304537,-2.146826736546337,-19.687608600342344
Lemande,-12.510465440168154,15.011374638308256,-2.596566169379822,-18.366570488191904
Aka,-11.630740393738249,14.251721720372576,-3.204659743259339,-20.13101932008751
Shum_Laka,-15.11265074291527,17.72113047605729,1.5745495164127319,-21.23861560745092
French,-10.887241188591945,9.436139782434546,-5.02952351445941,-20.021364597860277
Agaw,-10.96550828738496,14.225203825472914,-5.552126267171246,-20.020466057552085
Mota,-21.058808107307055,27.000897244508614,5.334344422642565,-21.025172813103374
South_Africa_HG,-2.879739593599915,7.898572576631215,-14.519942294833342,-13.84775284129765
Chimp,1.328894408985831,0.06615225519620158,-0.0009803452442567091,-1.4896177422749086
