tipNames,x1,x2,x3,x4
Altai,-15.052019308097602,17.646049290092776,18.130934712343254,-3.5101890198239936
Mbuti,-13.494563909720814,24.707658032219378,18.527547190254435,-11.628440551674776
Mende,-3.9992464056463457,14.503008346424354,5.787515451805669,-9.856211582611326
Yoruba,-5.277779306928454,15.647935367137977,7.518529043926817,-9.885161403163409
Lemande,-5.603427086481431,15.777154485275865,8.368978128156382,-9.83580243689023
Aka,-9.3608709305126,20.241026841882984,15.241574672043681,-8.791749638887364
Shum_Laka,-8.405385655605414,18.4449205831365,13.472617212570906,-10.056314319271726
French,-10.090202629707907,22.80550639560758,9.61017388351307,-19.277591411020694
Agaw,-10.33534004391831,22.800052466242587,12.908254829457043,-16.49947384887148
Mota,12.304352253259722,-6.867966324712503,-8.618223528416639,3.0136998942368924
South_Africa_HG,-20.905219123835312,26.26725762841041,27.257869487722893,-17.144374622916448
Chimp,2.2981526623112933,-0.4034105862728961,2.5982654461517503,5.819836476167428
