tipNames,x1,x2,x3,x4
Altai,10.10830564261291,-5.095278073864019,-10.210842126895685,8.181323131398736
Mbuti,-0.14851500622386737,5.992168479408699,5.727144261312486,3.1718524593769346
Mende,0.2987177089807025,5.635540618713018,5.666682640562929,2.9989809863013113
Yoruba,-0.9882846142611338,7.748006341506841,8.602237068552606,2.857023922496942
Lemande,-0.5563681875514854,5.259445169008225,4.926398946648271,2.18381955127391
Aka,1.5123087825145907,2.7264425721647476,4.296833634282101,3.000266283304178
Shum_Laka,1.9549000272912653,2.120169412300272,2.5472656278738057,6.263098794062312
French,-9.451550377689484,15.447654698211476,16.9484018210619,-1.5884623649907423
Agaw,-1.657090257399043,7.219356104665865,5.57702805538522,2.2010466911694464
Mota,-23.335004554172485,25.62834787668262,26.9264214521778,1.5439866438385508
South_Africa_HG,6.200253839692782,-0.3734400857002166,1.1663562172172046,7.049731994685641
Chimp,2.992679091366291,1.5852214775045608,-0.8111600435002579,3.0380687841243867
