tipNames,x1,x2,x3,x4
Altai,-12.051118905397301,8.808980374431677,3.247654518503568,-15.737546931113739
Mbuti,-5.850902538561718,11.139001312245934,14.13749209519947,-3.2209221809187407
Mende,-3.336332159763995,10.362511805592852,12.946963312206057,-1.571064313048203
Yoruba,-3.3825231851700317,11.064261312653777,13.778920716499945,-0.6838511445546781
Lemande,-0.762294833263256,8.040525647410659,10.63136017429384,0.7995960623043084
Aka,-0.14603886650245934,5.380666071915534,8.774494068975853,1.7919426918333423
Shum_Laka,1.7990184579455217,5.031540296320896,9.054723113136848,2.694891803769717
French,-8.458334546414385,17.187508933668845,18.077660428616248,-5.349103836888053
Agaw,-6.469882025290141,16.360042146673837,18.774861227338192,-3.249247422222777
Mota,-17.67603256494785,23.89900637674669,26.4113478318437,-13.778308144933929
South_Africa_HG,-1.6801656445244835,8.177966778324238,6.980290956207522,-5.892343942758428
Chimp,-12.68158794990637,8.942414239343528,8.152525614170644,-8.606311832812432
