tipNames,x1,x2,x3,x4
Altai,25.365998818925924,-29.237400623424477,-32.95083612471938,16.57478267203085
Mbuti,20.62068677288656,-18.718505471989175,-21.233244264707483,6.925439528939555
Mende,20.294697016800598,-16.01875845916348,-21.3611666406345,7.002836287494374
Yoruba,21.271966286147507,-16.98143761904457,-22.008547683642004,8.31697077161042
Lemande,19.11120494453396,-15.339136559883364,-21.46342461480927,7.80787441663828
Aka,19.989489089689894,-14.881280391538215,-19.855614390082472,7.312714621588635
Shum_Laka,23.54371448158645,-21.290481989665338,-23.882764745872095,12.886231654080643
French,14.545625712108105,-10.850710960887199,-12.359533327983439,4.848531938413026
Agaw,17.650778290738813,-13.793793344476843,-16.778681061083113,8.474280812436117
Mota,28.259610445183917,-29.788924525941695,-28.10995242025217,14.24091950965924
South_Africa_HG,16.443007336169067,-10.762349339929877,-12.800044004081688,4.5073946467014885
Chimp,5.8667781271441,-5.38110054300409,-5.683130729740678,2.7564145005929164
