tipNames,x1,x2,x3,x4
Altai,-13.947210948209918,19.156048108776332,21.051960762448324,-3.5069119166430722
Mbuti,-5.285207220327575,10.00349448442443,11.588641457506657,-1.3626563940469274
Mende,1.811370837526137,0.969219788395723,3.010811473507907,4.078860896431885
Yoruba,-0.3240491014884507,3.2847948818667314,5.947794218806763,2.9646285150705753
Lemande,-0.7596177876765549,3.6966539051540397,5.398008390321976,2.3788124593255686
Aka,-2.8283483033688084,7.05431381788571,6.686001202345491,0.24069100759196704
Shum_Laka,-2.201342024906012,6.728841147639473,9.966664982658516,3.722409337276402
French,8.80256790099829,-0.33707244218498933,-6.9719638432810624,6.258929681194516
Agaw,3.3363113306206325,3.6119802282629365,-2.3205402322301163,1.7035401511010093
Mota,-17.22079572158642,13.454144936047307,16.847863138990775,-10.028268351374866
South_Africa_HG,9.506631487558757,-2.3512914616890734,0.7799264086052276,6.2436595379796715
Chimp,13.467514019242527,-10.702611783384,-4.6004509324105385,8.582906954348491
