tipNames,x1,x2,x3,x4
Altai,-14.158234425606166,8.451805427418165,17.484387295599035,-11.634628989860465
Mbuti,-1.0810544857984947,0.987033929460412,4.242926463442727,-0.16562940159595563
Mende,-12.148223763792418,10.418697409137602,16.249667688500143,-7.8674076393958945
Yoruba,-12.682361111363793,11.048518077046216,15.741589958964356,-8.249899680229632
Lemande,-11.408404213681282,10.088758466022538,15.871125103392693,-7.5485908967738435
Aka,-7.432237922717817,6.506826598458214,10.476059291343013,-4.874251133513702
Shum_Laka,-12.877249882499811,12.048814886633068,16.399828075866253,-6.63476679420152
French,3.121806357606605,-0.18259772387525885,-1.8341217154050602,-3.0838631655455755
Agaw,-1.905321259087059,3.7365462963981977,5.5091702062066545,-3.9579171380123674
Mota,-5.972049027688038,21.59445438916089,29.924338316520956,9.211691978218887
South_Africa_HG,-4.4303026117867255,4.898322633372871,12.323421249465584,-5.275443478182235
Chimp,2.911971844359969,2.654260182416611,-3.5071298293180684,5.517860161424397
