tipNames,x1,x2,x3,x4
Altai,-12.747812361533839,7.8037916959047635,14.204228404481839,-6.379878949054604
Mbuti,-5.022361789514749,2.280630744766309,3.2274910704855277,-8.836055217491824
Mende,1.521860661405423,-3.888006759040869,-5.5907218954707085,-5.572050797721609
Yoruba,1.9377510570623298,-4.855441631645655,-6.999802521148121,-5.125458199290977
Lemande,0.19433638684128174,-2.3536648582267867,-2.8047845138630016,-6.243902195539013
Aka,-1.3387464506780673,-1.849304980739414,0.7595314774990707,-6.246571234166947
Shum_Laka,-2.0579547640185725,-3.503733651779455,1.0059458130141774,-10.943923310296313
French,-2.3164730648842484,5.971914271871133,1.250781841735861,-9.95350519573144
Agaw,-5.364671968240533,6.5141063738815586,4.831001030757721,-10.323394725479051
Mota,-7.526553384448671,2.187649766016709,7.337949734814718,-18.344313777247248
South_Africa_HG,-6.252447061830361,4.150822482474515,7.852459949815977,-11.755911467933107
Chimp,1.2604227164042634,3.3323248411338704,3.1578670710514407,7.052598769736731
