tipNames,x1,x2,x3,x4
Altai,8.661484085096431,-5.0785226379698045,-28.805908846317948,-7.053804981294627
Mbuti,-6.638825644065566,9.05778924444956,-3.2874504049367497,-11.393751997393343
Mende,-9.956178568010918,9.843049228887018,-2.1477697459876715,-14.051385560547546
Yoruba,-9.658463707651118,9.7283212746498,-0.9017749455359876,-13.409737738366776
Lemande,-8.77240757812665,10.023470977446264,-1.2500405914137054,-11.261908692052758
Aka,-7.026596772552051,9.05511022095989,-4.399470855637423,-10.16215974381242
Shum_Laka,-12.277498723626286,14.4916863787715,3.4596829984057726,-14.432392322881018
French,-8.785516388556326,9.705184963477516,-10.578094941776733,-12.60310255142314
Agaw,-11.432016015909984,13.838208519890298,-0.6799548788584087,-12.956962629894415
Mota,-14.93532529683178,16.467108707058077,-1.046106137299355,-23.5781076581112
South_Africa_HG,-11.369435172971844,11.824373040266922,3.0194423162633517,-10.737473099933135
Chimp,7.271345155036934,-9.353648502852186,-6.5538315073910045,2.6137840625003017
