tipNames,x1,x2,x3,x4
Altai,-3.653597573354385,9.162496341722035,19.042389034805183,1.7288788608234267
Mbuti,-1.5466179573917742,4.108653860031475,4.550022018906554,-4.4855004884514145
Mende,-5.496546792333607,5.8112163769004015,5.637316640093314,-10.431570359473099
Yoruba,-3.468345864817239,5.61902350984964,5.340265036343144,-9.178720546774441
Lemande,-3.5565499241204614,4.538133513344147,4.07100991573384,-10.778035231712165
Aka,-4.6264794149812865,6.0589626285452525,6.520472400592768,-8.444250739171943
Shum_Laka,-3.8463365969595995,8.183629554380211,8.887039717413266,-7.464887667167707
French,-0.058989289673198886,-0.6474280624111834,-0.33237406482294696,-5.765034073494907
Agaw,-5.1822739257279515,3.884573586558946,6.386837217764908,-9.06936807940251
Mota,-10.063528741267255,5.579932789175187,4.203038137827171,-12.597063561935256
South_Africa_HG,-14.952285797890035,12.881246857450765,15.163217023339442,-13.914701377937243
Chimp,2.4917685472665725,-3.63783600240252,-7.640744181260914,1.0575379543160486
