tipNames,x1,x2,x3,x4
Altai,-8.386975894249272,3.2199293186769955,-2.1490352263017924,-8.512675484997256
Mbuti,-5.0066334860532535,-0.4265679274076164,2.247740560810949,-4.80634830299887
Mende,1.6931699209634705,-5.035069818785545,-4.189727627119926,2.5060609572433754
Yoruba,1.7915945962508015,-5.548315332308465,-4.296871174519141,2.5229798848996827
Lemande,2.3706052262100994,-6.353715990733568,-5.7168813597353045,2.170281551063264
Aka,0.7858156825285403,-1.5160924466802748,-2.505770579562049,-0.5646074216091965
Shum_Laka,-7.700900577087424,5.553869535400561,2.536011346869152,-3.750701754288862
French,4.87816755680577,-8.895712999912366,-9.838906923511544,-0.29181178934953245
Agaw,1.422288100501156,-6.163716596476136,-4.325363154991656,-0.9370331605206854
Mota,9.749409001711063,-10.413009910654601,-4.219585262108863,7.1366418943809276
South_Africa_HG,-3.2968681320931257,-0.11754604023294979,2.5135975557083463,1.0403869435588007
Chimp,-2.3071540928803222,1.5340552727063883,5.12213088048634,-3.719677464992348
