tipNames,x1,x2,x3,x4
Altai,-2.777489344370937,2.8465624439189448,-2.7427566288512306,-2.5973213586241304
Mbuti,2.476318274900643,1.9041275160687845,0.5331205736148492,4.539246290724564
Mende,10.51085401878624,-6.776097675644835,-4.216013022880162,7.803622688160836
Yoruba,11.345594490446754,-7.578771473023134,-4.868284159529345,8.117044281444564
Lemande,9.206205364681217,-4.714815088213005,-1.4679786359704259,6.548262403491316
Aka,3.86205632614454,1.189460385923001,3.589043800567462,2.8453482630899787
Shum_Laka,10.192903972427047,-6.117419555467233,-6.914073090022077,5.069459944277666
French,0.5412403083524953,0.6273559199975851,7.926362754641468,-0.9641537633725403
Agaw,4.189261250121021,-3.3038393909218797,3.4956625478662358,1.9929887576857859
Mota,4.274520792555578,-1.0318802088810513,6.082551956173018,9.493609197239426
South_Africa_HG,2.387962520688995,0.5293202312451158,-0.08326309172465796,2.5192896297852587
Chimp,-6.392700662346925,6.8142540547653985,7.578910547862168,-3.1543613447671697
