tipNames,x1,x2,x3,x4
Ust_UP,14.018785058872613,-23.749711175148008,-9.449525476419023,10.685533744787259
Loschbour_WHG,19.359802775045097,-30.34751800352826,-15.557125021062145,15.019623556118376
Bichon_WHG,16.140485154609834,-27.580355664750925,-10.512537526513123,12.496602243626498
CaucasusHG_LP,15.485541335992624,-21.778143120617194,-15.489880325787961,13.155380194656463
Sunghir_UP,16.442941182795618,-26.215165489496837,-10.864340052920516,11.56093808474849
Kostenki_WHG,19.67336701517872,-29.534106236852463,-11.700273511123253,16.02579821662419
Yana_UP,17.896242275583436,-26.110376700349516,-11.304720324339407,12.239438900815934
MA1_ANE,12.402196804405191,-22.742609678375,-14.802192405445773,3.2885916767490198
EasternHG_M,1.98166067046456,-6.267043589073033,4.303973494107208,1.4892275919642923
Dinka,23.730052099096888,-29.319760763684325,-16.313268494216857,17.60300115337866
Altai_Neanderthal,14.230152004306504,-17.60984096658104,-0.926701735202105,13.11759771271171
Denisovan,10.99397661880693,-10.52587192728853,-3.635696473621829,4.638894881280175
Chimp,2.0789018065887848,1.689276085977547,-0.40704563717070985,0.30833482362942016
