tipNames,x1,x2,x3,x4
Ust_UP,14.14006259372599,-14.201850290795782,-13.4029298289862,9.574679327160032
Loschbour_WHG,13.46005234187006,-11.506273769362668,-10.856654142665455,10.616115326713238
Bichon_WHG,15.659915246455942,-14.295426522133834,-12.928256588265036,11.936096159952445
CaucasusHG_LP,24.88123511508111,-22.30961811953945,-30.217983939044593,17.647668120958855
Sunghir_UP,11.021939148851391,-10.680659269331997,-11.482631976917823,6.317572342889697
Kostenki_WHG,11.840941055064105,-20.0724102576615,-18.275253999276195,7.1385711153961005
Yana_UP,11.684916431463732,-11.541304266901328,-14.261363828031548,5.782582729973399
MA1_ANE,19.620162185111568,-27.585725803290067,-26.082500567575224,8.399819461047143
EasternHG_M,13.785291677647384,-15.172642461584473,-16.3712741958307,8.895480993924217
Dinka,16.518322129383552,-15.643508666667183,-14.62368629964427,9.164620938923143
Altai_Neanderthal,9.702525447300234,-9.84375249882169,-15.215257099137892,5.117299915227481
Denisovan,14.164339451778998,-19.015784732482942,-23.91186787492245,12.179517591339144
Chimp,-8.413822469852175,6.011926197854668,6.751867807955212,-8.888756975825194
