tipNames,x1,x2,x3,x4
Ust_UP,18.221438598750975,-15.822205291689418,-24.068141395719145,10.448972274911027
Loschbour_WHG,23.351987125749314,-16.746806375206962,-25.285343772067122,15.104870802510588
Bichon_WHG,19.815402724186228,-14.457853610225634,-20.844202783525706,12.69409398539888
CaucasusHG_LP,16.054717413673647,-16.859892147268358,-23.15010751115304,5.136717260117644
Sunghir_UP,23.505113303236346,-21.80945686359384,-31.42099552622789,13.332350710222023
Kostenki_WHG,27.806947853743484,-28.260192385895664,-32.73495580651333,21.753298087539434
Yana_UP,22.03446040590942,-18.096208620260004,-26.288512492719093,14.246434693326432
MA1_ANE,23.511814664500154,-18.440080447954863,-35.73884723230694,10.700565198541842
EasternHG_M,13.457245538648765,-11.210851246172789,-16.665445492036053,12.491605528786621
Dinka,15.406334933295716,-15.9026794446294,-21.66160173370508,6.975675626103241
Altai_Neanderthal,10.710332405714489,-18.534570239004104,-24.599267870918364,3.952510670446632
Denisovan,5.8065223920423765,0.3041877482499391,-0.42400563775760425,-2.768019661125669
Chimp,-5.595397301747738,7.853237361937039,6.496379602553121,-5.401329478379808
