tipNames,x1,x2,x3,x4
Ust_UP,-7.247898996705541,4.967493469183131,12.722927378002495,-11.43915730071822
Loschbour_WHG,-7.764003799170597,5.789013325984095,9.017304103846046,-11.224695521565872
Bichon_WHG,-5.578952234898735,5.262405720460086,9.059243437656168,-7.199156145462157
CaucasusHG_LP,-6.173775423271271,3.801714067550967,4.16568345202074,-19.20688627415827
Sunghir_UP,-3.5449072909287054,1.4920218484885914,4.646161602492823,-11.296934248386764
Kostenki_WHG,-15.042847586172098,14.742557748116656,11.35605674406732,-25.197266458881664
Yana_UP,-6.637055182139504,3.5361282406356933,9.409633431291931,-12.238634015122637
MA1_ANE,0.03163754727273371,-4.446364470448241,3.7061256731932612,-9.179823364956684
EasternHG_M,-5.455255446771784,-0.5436974690808185,6.969115047921495,-12.660251905067563
Dinka,-3.1370266904721786,0.7295208493742089,4.054219849078092,-9.406934602042655
Altai_Neanderthal,14.596798189630476,-10.133765575801293,-10.549887141072045,13.65337814773148
Denisovan,12.444828842187317,-5.930074120499729,-15.27695427899678,-1.231920417751017
Chimp,1.52722355791022,-1.456186977778418,-5.495480140834654,-1.5468722534726929
