tipNames,x1,x2,x3,x4
Ust_UP,-1.2711379996891063,-3.5837151655304407,-7.229024430468774,-9.65195886916369
Loschbour_WHG,-5.760853575240191,4.9755244834297585,0.4933936159712835,-10.117217656078449
Bichon_WHG,-7.876550546882262,7.486047264572279,6.079884403779287,-10.09823041663971
CaucasusHG_LP,5.212294974108735,-5.9280691188807,-11.240094772475416,-8.830744828026543
Sunghir_UP,-7.746603425231269,4.880110587691376,1.106331408351449,-11.885449250672314
Kostenki_WHG,-5.542805558878699,1.0940943565283296,2.7454386974051874,-14.740090165387162
Yana_UP,-5.678323319235929,2.541701942542624,-0.8380395579553608,-10.09117817941527
MA1_ANE,-2.351692322108005,1.0324394952731035,-0.048639345482015095,-12.61745243069372
EasternHG_M,-10.79538280993895,2.6136014920692627,6.387980249880607,-12.960298283386074
Dinka,4.620696624276541,-5.686207003962796,-13.095503035862304,-8.526072409686664
Altai_Neanderthal,12.559894710937556,-16.633670680912605,-16.27754279553126,7.914444681104359
Denisovan,24.91621838109024,-28.912427684576542,-35.098218866536925,7.3082948976113
Chimp,5.976075528664266,-2.0205744632430718,-3.159866229767445,2.0600063844918584
