tipNames,x1,x2,x3,x4
Ust_UP,2.747320926149225,-3.3349601751977263,2.1417477500097455,4.08913306239835
Loschbour_WHG,0.617653239989133,-4.137622760344478,3.0176096849912293,1.8560857432577962
Bichon_WHG,2.4708019186452694,-5.220944344190995,0.8890107406846703,4.141265825478015
CaucasusHG_LP,5.7219359932019405,-1.866163010623193,3.2638817984784483,4.490665122096689
Sunghir_UP,4.947103188739764,-5.047103489572088,0.6399386997070964,6.353962642489036
Kostenki_WHG,6.534040912223102,-4.618218053352018,-1.3217584743371573,9.377583756107347
Yana_UP,-1.9435894841498453,0.7939343563200909,4.41784590782886,0.5289942585109135
MA1_ANE,14.217416987277364,-17.746529162612347,-14.238077297941691,8.439980428718913
EasternHG_M,-3.7831228225104776,-1.701293205025178,4.3490836734782565,-1.6055879869796277
Dinka,-6.1338423124037496,1.2246383190137378,7.682681880859876,-2.574196577011497
Altai_Neanderthal,10.400947013208855,-18.91676290591669,-14.319877696498896,14.699902902344007
Denisovan,20.7550973566172,-29.58286128728126,-23.73436038743418,15.51820141759672
Chimp,-5.170679105316257,7.186337432646638,-0.7425458634332486,-5.445052748816147
