tipNames,x1,x2,x3,x4
Ust_UP,-8.577943096851364,2.8282581365239805,3.232653837841718,-4.310356495995645
Loschbour_WHG,6.240480681460794,-10.658780019081012,-4.737842697533641,4.601978280253469
Bichon_WHG,8.859170685831918,-13.370790538293345,-5.212882861673201,6.6265431992691415
CaucasusHG_LP,-7.047733080825423,-2.1432021171901994,-0.05341626344411754,-2.4365687158172706
Sunghir_UP,-3.7976073268077504,-3.3081326803242748,0.5573963107666058,-2.845773030328183
Kostenki_WHG,-8.581966421450977,4.617068143531218,8.391476056410733,-4.694845951191381
Yana_UP,-7.615400752215813,4.4235033907376335,7.831898737690962,-3.2357319338317128
MA1_ANE,1.437300544038505,-5.723069993653988,-10.930299684855918,-5.5836672476373375
EasternHG_M,-12.514165387502727,8.219271175508752,15.564731215525907,-9.635005113683093
Dinka,0.4584358067577134,-4.253999986542434,-3.3695486050962833,-2.611400658928416
Altai_Neanderthal,-3.981617479769353,-6.746170816297074,-3.5372550754101226,-4.803381922491086
Denisovan,-10.23303700040852,-1.9323270292201118,12.345625929193169,-6.6405436244674885
Chimp,2.9257974633790598,-2.3063959423866653,1.1933910864932011,3.3308399236229365
