tipNames,x1,x2,x3,x4
Ust_UP,-11.723930434309011,12.133307349787987,8.223468613968064,-7.1606834896385845
Loschbour_WHG,-9.484475928534476,9.925511302967038,3.0213862422305233,-8.070663107159548
Bichon_WHG,-15.784126213603193,14.927262525371326,9.125170465022377,-10.903282980692584
CaucasusHG_LP,-23.81799629655364,23.287195795265305,25.344980948946265,-5.536700340753895
Sunghir_UP,-12.029333990844416,12.369735449656734,8.990159001519565,-7.052450071290433
Kostenki_WHG,-24.348163465934974,24.1406801594468,22.755638744143432,-16.005220622146
Yana_UP,-10.016510272715983,10.211601835448583,5.81732930602756,-5.5547869682194415
MA1_ANE,-9.4633726993194,7.31267606578749,-2.1476114435081133,-10.312220831756747
EasternHG_M,-10.021235881553656,15.397405471397462,8.696765136228208,-9.291306192486083
Dinka,-11.42371853116072,14.684515094791482,9.850617359533553,-8.442159035814717
Altai_Neanderthal,-15.51350807002666,19.30878486540331,10.652156422198402,-17.114328077998195
Denisovan,-26.041655726662142,21.992267700746503,14.367083195282158,-19.224680973986555
Chimp,-8.37390695805151,10.203875150866034,7.2156299034733475,-4.603474528668775
