tipNames,x1,x2,x3,x4
Ust_UP,14.644765679376048,-16.660538791322328,-12.92448546587174,11.783181789509143
Loschbour_WHG,12.09664470367203,-11.638562627612348,-11.398005103582978,10.877537916487633
Bichon_WHG,9.334627634012914,-9.09744661244884,-9.7637309075255,7.37423611492761
CaucasusHG_LP,14.417456751941646,-17.26659263963816,-14.217677890674059,17.77692284844062
Sunghir_UP,16.68609079497076,-16.615545487789294,-14.244967605824371,12.891394688667752
Kostenki_WHG,14.336481718441256,-12.820824634128142,-20.391659933646572,12.782824458623274
Yana_UP,21.573012792091657,-21.827751110595436,-16.31219144069432,19.02232997873764
MA1_ANE,15.389055061445962,-15.508081650949334,-15.769384226554086,14.302914848955671
EasternHG_M,16.829226532086597,-12.357779658411605,-15.337079548937725,9.748605042022476
Dinka,12.937644063632076,-10.4521887219766,-8.4728140727485,13.014869784847273
Altai_Neanderthal,1.562597750366904,-6.349482671742228,1.6306806781930816,5.436837003444655
Denisovan,15.754675760827134,-7.28367500438393,-15.646522535597803,5.384276957128659
Chimp,-2.6742990229213777,3.3837533143794243,1.9218272722005818,-8.14666001874327
