tipNames,x1,x2,x3,x4
Ust_UP,-4.945757285118937,10.084914875054508,0.6219184968300931,-4.109263192311527
Loschbour_WHG,-7.3273148850813605,13.271174933777322,5.197039225089575,-0.6111188936468994
Bichon_WHG,-10.680876437461476,16.22218719974602,7.330423640573902,-6.279194922036421
CaucasusHG_LP,1.6711322354632463,10.919305545269557,-1.8048432336998594,3.3856226726616443
Sunghir_UP,-7.320272661640841,13.740286764496478,2.78226295985126,-1.9292692331953243
Kostenki_WHG,-5.78714691943434,3.3052746492127865,-5.007715879400141,2.53839729084764
Yana_UP,-1.0775310672125764,5.668154932500981,-4.507163981967432,0.9567068248461283
MA1_ANE,-7.222940333904911,12.370199769592283,-1.4936382971184776,-4.27614271152248
EasternHG_M,-2.1663259186351054,8.603204774783787,2.9854203349647186,2.1840433415505256
Dinka,-0.7654924991905165,2.7316295639038963,-2.7005424142413217,2.505568164625834
Altai_Neanderthal,-19.627274485288268,17.537224689321846,19.772182259409718,-5.665071977597584
Denisovan,-4.139446065806847,1.3688702086179942,8.763896731553878,-2.5108681534463924
Chimp,-4.774838344346836,8.064556796684428,5.003473084305192,-3.428767897315572
