tipNames,x1,x2,x3,x4
Ust_UP,-9.419393728059715,11.301309264805951,1.5356537120520808,-8.888227078929487
Loschbour_WHG,-22.534024064752487,23.738511105635872,17.95211517970002,-19.332126133942744
Bichon_WHG,-16.538936501951266,18.29493848780818,9.59970916375872,-15.471736629775968
CaucasusHG_LP,-23.327062449601573,23.191205119582833,17.34324892527257,-22.95465306278038
Sunghir_UP,-17.90461671876838,19.93927844138893,8.337090355510604,-18.421692202915942
Kostenki_WHG,-24.92328108084397,20.874962898177277,14.063829702917419,-24.107092110429214
Yana_UP,-8.738540275223594,9.1232356090968,-2.095798987010699,-9.537914572757735
MA1_ANE,-4.020858429450431,4.936564233748189,-7.152746303046575,-4.285312655281744
EasternHG_M,-6.869189140280697,4.649659257307103,4.275461131430491,-3.8321267161960346
Dinka,-12.089365188338318,16.136876040742713,6.129629382038048,-9.69749339200899
Altai_Neanderthal,-16.677628085006667,14.11949154494199,10.300448819032157,-2.302485745315822
Denisovan,-18.4984106579807,14.632329476529703,17.438302491337357,-12.695367898308632
Chimp,5.217579564668837,-2.8432390810577997,-4.790760679134171,3.2975586056007233
