tipNames,x1,x2,x3,x4
Ust_UP,15.384706936160207,-17.55556047342171,-18.645003438194433,9.018170005883666
Loschbour_WHG,22.82019162185856,-20.823268492208218,-21.876593929158737,17.212884806812557
Bichon_WHG,27.50752205664426,-24.933284471434757,-26.73624688560976,21.971228827797145
CaucasusHG_LP,35.610689509939235,-32.447150586808945,-32.25761911034327,30.942331372238087
Sunghir_UP,22.17695326897389,-24.41679413964299,-22.49330467993404,16.670276415017195
Kostenki_WHG,20.3074669279214,-22.983320342000056,-20.996197785391757,10.939777019651842
Yana_UP,18.034959420215333,-18.281244448486362,-17.927564270101552,8.149982133123856
MA1_ANE,31.996811236342673,-29.998364117772173,-34.632617453579684,24.9318976293778
EasternHG_M,17.01686913021679,-18.52246915458131,-20.6288876140482,2.1728672980887147
Dinka,11.91733947630515,-11.910997249680763,-11.105704535772537,7.615797309467945
Altai_Neanderthal,12.942897013909764,-4.654789613167271,-10.830962651501988,3.8384331962876495
Denisovan,1.2889651081777174,-2.4171687388941936,-2.5091342353780886,-3.5467622444678546
Chimp,4.218473037142915,-5.800862845915622,-6.52103640365393,3.024108149671291
