tipNames,x1,x2,x3,x4
Ust_UP,10.709675897105317,-20.322933779725915,-18.23164440073142,6.191625530617237
Loschbour_WHG,13.21699587406495,-20.56700525328893,-13.953527240588919,10.210312780502889
Bichon_WHG,13.855977132674939,-22.365568972018416,-16.186613244397517,8.951143635797013
CaucasusHG_LP,0.9921330225913287,-12.211373314931935,-5.131029999248154,5.160809659426041
Sunghir_UP,12.353569201641392,-22.283974216410858,-20.878319767914547,5.672459254552085
Kostenki_WHG,8.897567548756262,-18.94920917832936,-14.537929698059639,8.222124026686032
Yana_UP,6.256885049797956,-18.49020548422161,-15.649519674016684,3.6074647593943845
MA1_ANE,9.325814414403078,-21.016843442264125,-15.407300251772693,4.894576091505305
EasternHG_M,12.899844004123992,-22.861097590605105,-24.07594411014191,6.695458010362547
Dinka,2.552174642017971,-13.71833361532424,-10.36005234976258,2.55300951703937
Altai_Neanderthal,0.5663012849211722,-1.6956642564359705,5.200427768710748,9.176843873505685
Denisovan,18.983091819655904,-16.259702009531292,-11.644041554313645,24.709794484865256
Chimp,-5.354771570180553,4.870281152255186,7.509473218520871,-4.501674809535297
