tipNames,x1,x2,x3,x4
Ust_UP,-7.787513238090186,5.320661835175657,8.456776567582782,0.7022501440258248
Loschbour_WHG,-7.361316116718834,3.603684961916017,6.822631036735264,-1.0296531026503286
Bichon_WHG,-7.130917778418469,2.9665148843752753,3.5800163487834817,-2.7222187118781345
CaucasusHG_LP,-9.210623946434037,9.142165110318128,3.154141303996237,-7.616930608130229
Sunghir_UP,-7.737642725420578,5.829881195501867,7.060892855106408,-0.8123392303053504
Kostenki_WHG,-18.20376181900992,20.01102823283411,19.640087869395174,-6.9953113449866535
Yana_UP,-13.293757662630421,10.243342736750824,13.246011881724415,-2.7331829381708745
MA1_ANE,-16.84761187960603,16.24683723988705,24.83636267685623,0.04397374631647047
EasternHG_M,-7.984457932764343,7.1970938240864974,0.3426443739076497,-2.7119149927923143
Dinka,-10.77943100380532,10.413292546646524,11.150172098212987,-3.037038353298321
Altai_Neanderthal,4.5023337130587215,-4.270576506047101,-0.5701502805770939,8.33960718055997
Denisovan,-2.086476394659658,-2.924387276602885,-4.4307298032926665,-8.90706033925148
Chimp,-1.7108886087601345,2.3961680364301756,0.6650720246047886,-3.317309567606016
