tipNames,x1,x2,x3,x4
Ust_UP,-1.4525104687015882,-0.06512348441660679,9.552629887075902,5.2621037886207
Loschbour_WHG,-6.675963812296261,6.876847017075058,8.641139721381307,-2.0671494333710854
Bichon_WHG,-9.497080958296124,6.055884441451926,7.4994463966216545,-4.761036653647462
CaucasusHG_LP,-10.223310817429224,0.7221310225633895,11.220838060879075,0.14922857950839497
Sunghir_UP,-7.029710885809367,3.2307719233858303,10.963496875929456,-0.8967265844921812
Kostenki_WHG,0.5591153075273692,-13.776076633408675,-8.447588290776666,-6.750357371962008
Yana_UP,-3.2659764908715285,-0.666758711837536,6.007414889519211,1.631598258748132
MA1_ANE,3.0585012603548414,-6.535755376946572,1.2068104351987512,2.6222748132833082
EasternHG_M,-3.0773384063180007,-0.5593511792355286,3.955786674681839,-2.492462793213038
Dinka,1.3010465162421299,-4.457106516554395,4.96756932784447,8.594352217257091
Altai_Neanderthal,13.405929839060176,-10.980834022375635,-5.534778339188648,7.9801245475686535
Denisovan,3.561131609582637,-1.1425246288349016,-1.676396785375561,-1.378347799545859
Chimp,-1.71618582105736,-5.07445725890778,-2.5842098028508644,-0.45585686610330134
