tipNames,x1,x2,x3,x4
Ust_UP,9.208661437975847,-7.464253504154402,-13.942794141041025,2.258776694296551
Loschbour_WHG,8.412616897885869,-7.49152447267814,-13.662177209114244,1.0566243444682981
Bichon_WHG,8.832672373066304,-8.143170829561681,-14.463707723290934,-0.33510781602712036
CaucasusHG_LP,34.87615738103061,-33.5107483937796,-40.15368926918609,20.843182723315856
Sunghir_UP,10.864365598965223,-10.553937379605049,-17.925652599219973,3.220509605160377
Kostenki_WHG,12.505442525759026,-11.656093437750894,-11.30845270865698,4.321508715416386
Yana_UP,12.823608831780632,-10.825391266834263,-12.197104443632377,4.601018575385574
MA1_ANE,7.286857278972061,-4.894104054367144,-10.412447967119082,-0.7471518856239792
EasternHG_M,6.501361612934629,-3.3827617458095594,-5.628357480841391,2.9246959767949643
Dinka,8.036773557907532,-5.138048117729873,-10.235777994501952,3.1076132050375076
Altai_Neanderthal,1.3727589362216777,2.440605491200577,5.779149686317128,1.7122022653934748
Denisovan,-14.527124527006965,10.725377716919352,26.841592096800692,-5.754655228765251
Chimp,3.02677361679257,0.15047353146641082,3.245805550526874,6.953428129633323
