tipNames,x1,x2,x3,x4
Ust_UP,-7.08634220653523,8.025849594501848,16.693115768286443,-1.152251410871104
Loschbour_WHG,-4.031417880982036,4.638733566653056,10.471550975228427,4.236260586430895
Bichon_WHG,-1.2026528974238853,3.0970402211110573,8.212210933411665,4.636156592119703
CaucasusHG_LP,-13.821764975661338,11.883634903750956,15.35235299086563,-8.966207842399795
Sunghir_UP,-11.639188982468001,12.367680688434975,19.43509352426188,-0.34706650245927584
Kostenki_WHG,-15.729750059391833,14.256579532895586,14.90474092986015,-0.891343475024476
Yana_UP,-8.825913142565462,11.11820821700628,18.047169541400685,-1.4057897638019905
MA1_ANE,-15.540276091877748,7.254075942858062,22.985543515994017,-10.76370475065001
EasternHG_M,-4.173435769977714,-0.7872637132221536,3.9261876642852496,2.052836305676111
Dinka,-7.965457785485367,6.73374580256765,14.594023996015704,-3.126964982981068
Altai_Neanderthal,-17.14591674564456,14.119225011914477,16.790865814729166,-9.125985450941634
Denisovan,-9.434616906873433,2.3675308172390195,9.348098825044824,0.3328488795441362
Chimp,6.367612570723156,-8.955644179451262,-6.343417285452472,4.399348385213038
