tipNames,x1,x2,x3,x4
Ust_UP,10.51908062505973,-8.798580311186804,-14.068705108675315,12.856969982797379
Loschbour_WHG,6.7020156206401325,-5.34159841313676,-10.360434919258482,9.195129812510263
Bichon_WHG,3.2438766506004457,-2.404284678190733,-8.675614188869563,5.872952229550908
CaucasusHG_LP,12.927742272372514,-12.659220179342434,-16.539071409910278,17.290308717305713
Sunghir_UP,7.709157682922131,-7.332938983343654,-11.419370653209699,8.594913046772454
Kostenki_WHG,19.831416154459788,-20.44621256826067,-24.595593343303356,14.035876842095366
Yana_UP,5.506216441019731,-5.173973214754644,-9.607089190587264,9.124653989735478
MA1_ANE,4.627162989266358,-4.152163178569216,-4.657802822879111,13.694763808285584
EasternHG_M,-0.5169130216484197,3.461240178253406,-6.6555442607820225,7.249162357270515
Dinka,12.873319730078745,-8.793032671834478,-17.511924845904815,10.237139436278818
Altai_Neanderthal,6.821588425552869,-2.3719555608283565,-6.710276679616037,5.646950776611275
Denisovan,13.439453935534347,-7.967661046854466,-17.2619301467422,17.05310901625149
Chimp,9.384187803121298,-6.90253695239609,-8.569803686285391,5.312545770857485
