tipNames,x1,x2,x3,x4
Ust_UP,2.4673528095475135,-0.8853236933758237,-2.933050044768716,-1.0207011747137478
Loschbour_WHG,5.991563748328546,0.3910194585324617,-4.746891030635052,-2.167993955955719
Bichon_WHG,5.032714172789931,-0.7210739790873324,-3.5302607101334336,-2.1533948584933755
CaucasusHG_LP,1.3866155324550435,0.5024513233907739,-2.0298671724989563,-2.889707136807216
Sunghir_UP,3.997211965936871,-0.4870517922776193,-1.141711475987623,-0.5950437597586802
Kostenki_WHG,10.805642282516985,-4.717187704656071,-3.0073083334189032,7.904845104065074
Yana_UP,4.494882202456544,-2.1907081921577114,-3.1594089042605873,-2.770087593340156
MA1_ANE,-11.801467309925807,14.52314608623238,12.345101132752285,-15.202458592436145
EasternHG_M,0.17381385015555795,-3.863210516337471,-7.842187045841532,-3.3412145245746987
Dinka,-3.6063711473798814,0.9994324857214575,2.6515815601778687,-3.299835768037556
Altai_Neanderthal,26.418171453062243,-27.84747158013786,-21.687708653172496,14.509730396155575
Denisovan,6.329746763131421,-2.2154406457380444,5.90558613436675,10.656414971852152
Chimp,9.997339967613275,-8.527321190093447,-6.062074238301791,7.366326697237124
