tipNames,x1,x2,x3,x4
Ust_UP,-5.728507217197522,8.103812065136772,14.391410179881488,-1.3357439197734857
Loschbour_WHG,-2.862393669210996,9.005423204780525,10.058335027210363,-0.5643441572133792
Bichon_WHG,-3.672866641689644,8.892528937410077,14.420672287152803,-0.9570289192085419
CaucasusHG_LP,-5.062040390902863,2.6757264609642046,6.510885385972262,-4.1219984277967034
Sunghir_UP,-0.594215268550272,6.798444473877248,8.014328834555695,2.8437689209893824
Kostenki_WHG,15.93931034579791,-4.55337180890423,-0.7434474724780085,18.69849578227899
Yana_UP,-2.5299251156556917,6.088230235447088,9.509684484756649,1.3609335891718364
MA1_ANE,-10.838894221893456,22.729291311535963,22.769798984144145,-6.909031734868963
EasternHG_M,-9.760353505829483,11.807881358904716,10.214794197122377,-9.200162492257101
Dinka,-4.980139991648557,9.402930243517243,15.789902853116477,0.2108687249673078
Altai_Neanderthal,-11.379677117552411,8.520499290296852,18.319344011146686,-1.8892990469062778
Denisovan,-9.812037506563023,6.0375990017338195,22.32563790169112,-1.0322649184494121
Chimp,0.49219326992870177,-0.5490976775036958,-3.536073792856201,0.08264700727933569
