tipNames,x1,x2,x3,x4
Ust_UP,-9.744609097248032,12.631244681090124,18.576859484740915,-11.309616554642167
Loschbour_WHG,-16.21138948930847,18.28888937146006,23.635531704256405,-16.96465927413158
Bichon_WHG,-8.677358996690899,11.754992376580326,11.966293165129446,-13.07433707816741
CaucasusHG_LP,1.4904382907992542,8.050912487721936,10.077512510534945,-5.299647875000264
Sunghir_UP,-10.380472588955886,12.855400765663209,17.04002770327722,-12.01177395734297
Kostenki_WHG,-10.26710584034992,15.65663873154476,18.982198431999198,-12.62913218784289
Yana_UP,-6.025858901952295,10.86343813533141,14.640027431538893,-9.704107184676301
MA1_ANE,-13.152328648107542,17.40646852197234,21.077149595265205,-19.009024632101422
EasternHG_M,-20.139414175035178,19.49054325787756,26.577888162603934,-15.474441762690113
Dinka,-6.673451161812697,8.139752683724453,11.662018526668898,-6.738267093819618
Altai_Neanderthal,6.7198344438041655,0.17896377860206059,-2.2622704914261327,2.9931013373953856
Denisovan,-15.751845060582276,22.72962598292769,30.857191351262838,0.9844441999208068
Chimp,1.9351070595121338,-0.08376607652379316,4.006836060379332,3.2345883062555982
