tipNames,x1,x2,x3,x4
Ust_UP,-5.5188358646503515,1.3205422846569848,3.050634918480936,-2.940573487599962
Loschbour_WHG,-6.7762531461181705,1.2939717367133718,5.139747412024404,-4.1239046442294205
Bichon_WHG,-9.239150294487201,1.7964721078246675,6.513843436447333,-4.685429478610332
CaucasusHG_LP,-16.552042994472895,11.008915976749837,19.28603205319897,-4.973380165839343
Sunghir_UP,-1.705306079179861,-4.814253567244871,-2.113364939963292,-0.6964194878895835
Kostenki_WHG,9.661121335332869,-14.586231807155267,-15.038391438850706,7.439285357582811
Yana_UP,-6.076125623733776,0.7519270945241157,4.227470076219186,-4.492222012148198
MA1_ANE,-1.7441569758026334,1.5277907777098556,1.7106216303030988,-1.2488798609991165
EasternHG_M,4.906067214863671,-6.325995207875294,-9.42031445078446,-0.23021516720508028
Dinka,1.8546382384841043,-0.5631128736678654,1.1602095180850251,2.452966848884422
Altai_Neanderthal,10.782625984716024,-9.069300705974669,-5.689657275754936,14.595410510072027
Denisovan,21.333263543296468,-18.133040753140975,-21.00644024285877,4.432847782906518
Chimp,5.07204796926781,-3.096213389305273,-4.166289120274739,1.4116563750705666
