tipNames,x1,x2,x3,x4
Ust_UP,1.874176607017054,-1.655457501621083,0.22537846699734554,0.6522536867784017
Loschbour_WHG,-5.68111378214132,3.0720987607395864,7.245750831662175,-7.143389731403824
Bichon_WHG,-6.043553208762387,4.151078247531811,5.658629690150477,-4.962393605154997
CaucasusHG_LP,6.870854945649462,-1.87621361844277,-6.330626100618975,5.640226959430553
Sunghir_UP,2.6947206686334817,-3.861935790096001,-5.23321174813649,1.123383925162388
Kostenki_WHG,-7.529715221299959,5.156549994104187,8.492174419656365,-4.984844459093129
Yana_UP,3.474036035620299,-4.781814252906628,-5.754550051774777,0.7392236471129112
MA1_ANE,-3.8234367572822006,5.33632878523413,7.71085816044707,4.831883772774317
EasternHG_M,-5.551200391456377,3.7983890355437215,1.0616286158462436,-4.7679534382110855
Dinka,-8.255542127914662,5.7476903230158864,8.161070186349374,-7.168206594591496
Altai_Neanderthal,-22.546228643552325,13.50286931739199,21.8118210674987,-22.39549740442567
Denisovan,-6.098680495203585,-0.8407158614796124,5.255938777558482,-8.909726000584818
Chimp,4.55459507370394,-6.510385809903835,-7.915155389071829,3.393756617148536
