tipNames,x1,x2,x3,x4
Ust_UP,14.738621767392422,-15.433540347985193,-13.363363516038754,11.6075319673121
Loschbour_WHG,17.6882151812651,-14.425032099300811,-12.69535433035052,9.079179558337097
Bichon_WHG,15.414798840667205,-13.602120134000758,-11.726675721969874,9.267705617291247
CaucasusHG_LP,20.021971745647683,-16.763388245287683,-16.99712680158692,12.573549832945833
Sunghir_UP,11.317995338284158,-13.85039408294451,-10.352216701573111,9.308854038497538
Kostenki_WHG,10.162462893105046,-4.8818141292208175,-1.938263850792434,13.793759112833104
Yana_UP,7.889434634103431,-6.722581063626995,-6.881960253661473,7.38069040059407
MA1_ANE,-10.118640690076651,11.3225850778581,8.688189107715047,-9.05395065463081
EasternHG_M,4.704383538024079,-8.242084781887655,-4.5183681500381985,0.8188227419190026
Dinka,14.277005687094034,-13.417366860015997,-12.433612565231547,13.502850574042094
Altai_Neanderthal,13.248273072175387,-7.831482463286829,-11.187993563231764,15.800255398854635
Denisovan,15.1698033675166,-7.721720009859872,-10.19164897679548,18.87211184542256
Chimp,7.022317024143525,-7.657471687226061,-5.714627334108185,3.3232405597416443
