tipNames,x1,x2,x3,x4
Ust_UP,6.533685269094266,-9.295206817453014,-15.949984446056565,4.512807958964064
Loschbour_WHG,-4.269546176058556,2.4770729696579474,-6.294697038624443,-2.047947241091501
Bichon_WHG,-6.566874539707166,5.568212422162025,-3.8440045223550587,-5.614278651238208
CaucasusHG_LP,9.955939869472251,-16.913362063953443,-24.98327212042437,2.405997216680102
Sunghir_UP,3.7885575379848557,-6.837588285449476,-12.805620984481434,3.313426179893912
Kostenki_WHG,-0.20170384691740217,-6.2808362614487425,-15.705844132894123,-4.408306076391756
Yana_UP,0.5623196897707269,-2.2295921687722937,-9.354530196445143,1.4343244844535268
MA1_ANE,0.35702751842799074,-10.288927918460203,-15.414101517507138,-4.81576910852942
EasternHG_M,9.028930955889379,-10.113243116237822,-19.74882563749397,4.224934775419553
Dinka,7.817921071519944,-11.977695181607011,-16.59614379556652,7.201944146372941
Altai_Neanderthal,-7.379193453180634,5.55378743711995,3.5181286595377053,-6.840913631501973
Denisovan,18.494452990474258,-27.28780107975991,-33.36180426643778,8.010680216357212
Chimp,3.638285115156506,-4.1569947198625155,-5.193528871670953,1.1026415976913542
