tipNames,x1,x2,x3,x4
Ust_UP,2.2623224869021525,-3.5478332653972773,-1.3552601202782828,7.0843860859665515
Loschbour_WHG,-1.109791828299313,-1.10768228246724,1.2125351836344787,2.6211335610493056
Bichon_WHG,-2.9622114937648583,2.8606386114737763,4.313054666069304,3.577704698867092
CaucasusHG_LP,-5.443259904050605,2.934056956381956,8.591190793520544,-2.9924048377144032
Sunghir_UP,-1.9628844212695102,0.42333671597817246,3.6045335918462227,3.1351114935891364
Kostenki_WHG,3.708245181556649,-10.995551418557586,-7.523492831398154,7.585730370044075
Yana_UP,5.4187023726994274,-4.566857280697166,-3.507131412951861,8.53330205585442
MA1_ANE,-8.749246645604037,-2.398214171519753,5.184420551599107,-0.09653467557737727
EasternHG_M,-3.5663026794987918,-3.8822747975436416,6.932939484445025,4.892285837782848
Dinka,-6.928489105957654,3.8382554182117126,7.552216417449365,-1.058185768647815
Altai_Neanderthal,7.037849659035498,-1.7201112766446585,11.341479752572768,12.965225708351854
Denisovan,12.81616945641285,-12.333270282250707,-19.859385940317832,1.6157952881714532
Chimp,-2.0175657124532167,4.217611448006517,0.41381566606287934,-3.326890673196897
