tipNames,x1,x2,x3,x4
Ust_UP,11.553198652975821,-9.290466312795223,-0.658316347152573,7.8365527364842364
Loschbour_WHG,12.48310659446946,-9.787055284015072,1.241299192240969,8.006369103294
Bichon_WHG,10.101310395985298,-7.014906452214728,3.170797262681862,5.029608655169859
CaucasusHG_LP,11.413091906482961,-5.029291978581009,2.2071143823406283,1.1458714066623181
Sunghir_UP,11.452935840607473,-8.747674219548188,-0.6836552211404736,7.113486661969314
Kostenki_WHG,14.118159510334221,-13.216219550911797,-9.372233666386478,8.405976947695548
Yana_UP,16.060520603138247,-10.508839892349783,-3.062072928218598,9.351920414686191
MA1_ANE,11.230301614125723,-5.875909658725533,5.812475109889802,6.1224209999085435
EasternHG_M,11.31915596070245,-11.028103059667469,-2.568654321212123,5.106059945758123
Dinka,13.460282531396354,-10.76342616203232,-5.975611622845637,7.535987886955336
Altai_Neanderthal,-3.208569761064089,-5.981879066022472,-1.5228631319325574,0.2149227272476617
Denisovan,-0.38822769310060457,2.8235578237683567,4.163830738347569,-2.144544964699045
Chimp,2.461164811330322,-2.3904976125901034,-8.595098726452184,-1.8440992517474282
