tipNames,x1,x2,x3,x4
Ust_UP,5.68247025884824,-5.683846349949298,-14.6310335882164,-0.018398556411759914
Loschbour_WHG,10.699402873284834,-14.893700844319783,-23.728730136745323,3.397064884145944
Bichon_WHG,9.833443923613423,-11.120568490424365,-21.094438708215883,3.4311058069802742
CaucasusHG_LP,6.449047352394941,-11.961877160756394,-24.637037371091935,0.8853634130054187
Sunghir_UP,7.415180981452788,-11.91113555393257,-19.97296944754265,-0.41405151917611693
Kostenki_WHG,9.391586893190272,-9.210786416663357,-21.03496633117959,-0.4898161829662646
Yana_UP,13.479269738711269,-13.838941461465735,-20.511554908802157,4.150593092501698
MA1_ANE,22.663010897018435,-28.23881749209965,-29.532758756464307,12.64306350158227
EasternHG_M,14.23890326998688,-16.59878171948709,-23.68116316440852,2.4918850395962
Dinka,5.269401224735047,-4.283186394493441,-10.648339276371054,-0.10854304723198799
Altai_Neanderthal,4.967574285111926,-2.542260541343391,-16.497884842882907,-2.5922537930594083
Denisovan,2.002569299061312,5.052033019487666,3.2792013502075594,-4.212025543147156
Chimp,-3.026861907728518,4.398416134826457,4.352114897175305,0.9732749274951508
