tipNames,x1,x2,x3,x4
Ust_UP,5.574713584908632,-0.18532978271682898,-8.666097216298697,2.8998505484513832
Loschbour_WHG,-0.6746584036173415,5.1071297053408085,-4.186650087042399,-6.306214209593614
Bichon_WHG,1.2879770825324495,1.447020988391567,-8.418433468045375,-3.824808382157416
CaucasusHG_LP,-4.922896475254371,8.02992423114716,7.629938254318118,-0.6560172776884032
Sunghir_UP,7.404215903981,-0.7278443782544863,-13.006851010395154,2.470067186136782
Kostenki_WHG,5.612218245815958,3.073683073382555,-7.190385620555434,1.4018352346221787
Yana_UP,1.7025873136357332,3.8040840574827812,-5.006919706993731,-3.8892035451148494
MA1_ANE,18.372055834142337,-16.91506685804086,-22.718151782195037,7.907685048997937
EasternHG_M,5.0126414288285295,0.8753499210060939,-12.779362849572092,-6.073659084441477
Dinka,6.658230717673293,0.9438988424445331,-11.434361211501834,4.1194922766687165
Altai_Neanderthal,4.566193357011281,3.596130319304425,-8.185872725072196,-0.04304786110211545
Denisovan,30.953453717792733,-23.118469344252762,-31.348563500732176,22.512882070112056
Chimp,-2.69836937989193,1.4413806644367337,0.23929072400613327,1.3132969821923162
