tipNames,x1,x2,x3,x4
Ust_UP,7.168095127513388,-2.055747450402335,-3.0395456399724,7.601974914943882
Loschbour_WHG,9.726347203964266,-6.176449502782379,-10.38106519865359,7.13190567738636
Bichon_WHG,14.87179919943952,-10.098338337619124,-12.12300433165507,14.011064481225954
CaucasusHG_LP,-1.9442508780843397,5.052896175318736,1.3775672428675474,-7.604700430629178
Sunghir_UP,2.8151239922394002,2.0898003457734875,2.1215984483933386,3.6139538458581555
Kostenki_WHG,0.4688486539672949,2.8843649959070157,-0.3797605246187765,3.09797325230927
Yana_UP,6.519407575046761,-0.4838910767599328,-2.5943835354788107,5.433337417874505
MA1_ANE,-1.7295013127620873,6.423648501453892,4.053232326465739,-3.4381048135110728
EasternHG_M,12.588261058639732,-11.231561126501576,-7.663003358585201,14.541333590983964
Dinka,4.1088608054109965,-4.463665588395461,-1.9810610993153752,3.8688951476853655
Altai_Neanderthal,-3.999593738546925,9.223689308760143,6.792659220685797,-1.7648851215142762
Denisovan,7.153645127343461,-1.1731539940660678,-9.034273513767527,11.756600492273709
Chimp,2.5903909311620197,-6.573119800146556,-6.203618949436055,-0.237024991877122
