tipNames,x1,x2,x3,x4
Ust_UP,-11.232828283110301,15.92489492902772,17.579820224502456,-5.4781366383752985
Loschbour_WHG,-12.0382534575159,16.085392294880695,17.253187024790094,-6.834948357779592
Bichon_WHG,-10.25488143566485,16.377924200834027,20.190257802100252,-4.127360665461882
CaucasusHG_LP,-2.586297342585943,9.481143108164673,11.632352818065097,-1.4623984618761936
Sunghir_UP,-11.759692840505002,17.09778022471779,18.473618550051427,-4.7337140902266786
Kostenki_WHG,-22.369427178766834,31.79197709114866,28.3907962884089,-13.687479662456441
Yana_UP,-14.456886561182749,19.662339181631545,20.63164135796303,-6.007914542465353
MA1_ANE,-7.815813237597811,14.401173139306312,19.00900641877047,-4.607221649524135
EasternHG_M,-8.59629349116988,19.744045694075155,22.011805106050698,2.65002080651131
Dinka,-9.117639392244591,11.86892360499888,14.121822147979119,-1.129657856372467
Altai_Neanderthal,-0.418472584700301,5.22150581590568,13.365294461649007,3.1084752939193323
Denisovan,-16.039801270508093,20.003806100969015,26.439189510586694,-6.157585753548845
Chimp,-1.7455050484855765,1.7256114880403841,6.740822486570283,-1.2301262631305652
