tipNames,x1,x2,x3,x4
Ust_UP,-13.391084960081637,12.713184238220338,6.210256465843836,-14.963983713122293
Loschbour_WHG,-5.7933518878050085,7.019408115848907,-1.6125265673478903,-8.807874334872652
Bichon_WHG,-7.361978206463253,7.8708679185248105,-0.2783628152834655,-11.753656520716245
CaucasusHG_LP,-8.72646649069609,8.937142061184012,-2.3086021689551535,-16.109041152370065
Sunghir_UP,-9.857039869316377,8.228407579287753,-0.03925193607743893,-15.32943211304674
Kostenki_WHG,-15.375230516920455,20.713704591606046,6.79214353151132,-17.586299886413244
Yana_UP,-13.387122136766582,13.613060114457959,5.5246114782595175,-16.65362874446854
MA1_ANE,-7.305855334355288,6.528276002146201,-0.036898549480904874,-14.188055079279806
EasternHG_M,-5.2811631856362915,5.264533538621707,-4.842007284442207,-8.536372133144264
Dinka,-12.221895829742564,9.5865592182884,5.07115682796477,-12.986027011801564
Altai_Neanderthal,6.614169265283631,-10.840449490305406,-12.97269722947906,1.2216195712351983
Denisovan,5.615078289031071,-15.228722942009943,-3.343860739574338,6.014009078825918
Chimp,2.017310941379312,-2.887913028626327,-1.3632368488991882,2.2710995770597506
