tipNames,x1,x2,x3,x4
Ust_UP,-4.981543197139547,3.8038430810639614,10.568739506066835,-7.666509995456266
Loschbour_WHG,-1.7910251472598286,2.3758763257098128,11.176472260733206,-6.79514219754233
Bichon_WHG,2.372466202629774,-2.3610188635778,4.198869424824188,-5.660144132154386
CaucasusHG_LP,-11.616533076460689,6.131544825363285,15.97641494254122,-15.106866463552262
Sunghir_UP,-6.257719428252474,3.89684575832998,14.195719152151286,-7.764990093766318
Kostenki_WHG,0.9409469190440523,2.596884108933226,12.556903415588007,1.894301505109401
Yana_UP,-1.5469045431761053,2.9324514172283065,12.092457276837328,-4.321836569656956
MA1_ANE,-6.5303171348963645,9.576236263415772,18.070971155593934,-8.40086510855189
EasternHG_M,-13.445418084676017,15.188578180240064,15.8381318218895,-14.294635067222636
Dinka,-2.2985643289700644,-0.6653015247069289,5.9378393405983045,-7.768708477921732
Altai_Neanderthal,5.383818018559969,-6.358327256005567,-14.490019431797712,-0.5476661836746035
Denisovan,3.57650741866827,-3.0052354291176884,-7.219806115724007,-5.312674341836536
Chimp,9.028764678156529,-7.184570590979027,-5.597062746915966,14.98326389579985
