tipNames,x1,x2,x3,x4
Ust_UP,3.766946755714968,-5.070761605120289,-7.93133730191367,9.041398501884277
Loschbour_WHG,11.229465502466297,-10.622218444361161,-13.115361498061281,15.896785201747027
Bichon_WHG,12.885494306642606,-11.376225125290006,-15.174894078102476,16.908469329291673
CaucasusHG_LP,-0.420829312902419,-4.248099603101972,-3.833594807815788,6.056923957160124
Sunghir_UP,6.146611702840585,-6.220509913898695,-10.96619534294569,8.67162039541292
Kostenki_WHG,4.8602017054132105,-1.2326775292510082,-10.74406393263987,2.6277740870219484
Yana_UP,2.86134193386292,-4.072937138162285,-6.889780278247327,9.185026570457955
MA1_ANE,3.7562826624717816,-1.3262841907689893,-4.968391118359586,10.003259575329174
EasternHG_M,-5.724174558429824,5.3279738831305075,4.315002152440631,3.3092411525818406
Dinka,3.871435983647821,-8.09477895273669,-9.901253991776876,5.166325705252691
Altai_Neanderthal,25.605268086925317,-25.02750499615733,-15.141281991410622,24.727318659710335
Denisovan,5.9671703409330625,-2.461073993160676,-11.52331439174699,7.887395132208507
Chimp,5.618487857310726,-6.129161729387937,-4.231831184934833,0.7878299317486548
