tipNames,x1,x2,x3,x4
Ust_UP,-8.918882551504373,14.873215927866605,18.811818691674834,-2.8669081007000643
Loschbour_WHG,-11.663284214849359,18.093063280161175,20.02123170044674,-7.868883436101926
Bichon_WHG,-7.217068534214534,13.040754887491785,17.814698058788835,-1.8425447396284107
CaucasusHG_LP,-4.174039623430091,12.324998714552803,15.508944691453978,8.75387154753386
Sunghir_UP,-9.917321435932962,13.736481586907402,17.736168390996745,-1.338897454302847
Kostenki_WHG,-0.2253640868032889,7.141754493528397,4.796022575307857,5.953937701597954
Yana_UP,-8.065155811670738,12.244342261687112,16.855651058097465,0.3562562766610593
MA1_ANE,-13.156353420220153,13.37898569640988,30.998567186736032,-3.369736239048555
EasternHG_M,-6.950269189680654,18.132398975407455,15.065299833253846,-11.41671786346031
Dinka,-9.854893453622966,13.616577222297346,15.48028762980579,-4.54730433144534
Altai_Neanderthal,-22.684805787953323,24.34703719391789,32.80220302721981,-12.553038268760755
Denisovan,-6.436615650749085,-0.012349789527393185,5.917323026988942,3.3223404219919814
Chimp,5.07205028077621,-7.0017707216576275,-2.0669706059610706,5.815914820702807
