tipNames,x1,x2,x3,x4
Ust_UP,4.08302381881426,-6.7111651412804525,-3.2148596846496873,7.431550291402971
Loschbour_WHG,3.3887390399723456,-3.4350454514589877,2.5477856949654867,9.08232180876764
Bichon_WHG,5.064560277930483,-4.100954293843346,-0.12315387413004686,9.617073680822564
CaucasusHG_LP,-6.391288435448513,2.1996933071858518,0.88561311060342,0.26951575965485075
Sunghir_UP,9.13755292092021,-11.846469174182001,-9.733180285342472,7.579588676892742
Kostenki_WHG,9.348480423764086,-13.708587979959058,-10.282739241269196,7.1405972955930626
Yana_UP,5.216614642280039,-4.593105162494625,-6.440565589948182,4.781308248731639
MA1_ANE,7.627341049002313,-8.164132353453631,-9.77705906932519,0.5696392032604107
EasternHG_M,9.288664254983486,-11.088752815741438,-11.301781047744516,5.194990683940223
Dinka,2.847357477770345,-2.7682051312051703,0.6240490577654478,4.164861589247442
Altai_Neanderthal,10.058995126834978,-15.963384333666246,9.720983181336122,13.292896732956855
Denisovan,-17.727445637274283,10.971700061827569,20.600479209575894,-16.914988184511017
Chimp,-3.740543112451732,6.9141297673347735,1.2539695533798223,-6.686450635926888
