tipNames,x1,x2,x3,x4
Ust_UP,10.733160370832996,-2.6100836754397974,-0.255897135950204,13.637557822539097
Loschbour_WHG,16.543994572919686,-4.385162530688629,-6.799946258808745,14.784097673966597
Bichon_WHG,16.85637948846379,-7.269936600070356,-6.64113810285947,16.036219177511896
CaucasusHG_LP,22.704401877134323,-12.136441576064684,-10.38667894674941,24.584916663341925
Sunghir_UP,8.755148316188276,-0.49190587833397315,2.6415754930478488,10.119706911795973
Kostenki_WHG,4.3592105532089445,4.748817595994051,11.890908430509585,8.117668555985208
Yana_UP,11.645588790596225,-6.5353156826093945,-0.739290001352822,12.418069505712065
MA1_ANE,3.79326999109014,5.589588339516238,3.6877398329222664,8.245515430466796
EasternHG_M,10.867382439836815,-9.51004425126651,-5.227650496908883,17.12505875748761
Dinka,5.68155752613243,0.2934205255379593,5.147227127299306,9.633868422378569
Altai_Neanderthal,21.865279243112,-15.026014233765947,-7.129201905402297,15.789397155270247
Denisovan,7.027342590212279,3.2453873865560317,3.780229251554724,0.5933594022784279
Chimp,-3.061818925986018,3.3619106426236143,7.825947188031497,1.4999669212083873
