tipNames,x1,x2,x3,x4
Ust_UP,-4.338455109814195,-2.267981898221029,10.988681492738765,-1.2203853821245962
Loschbour_WHG,-0.7934415500016669,-3.731513865572743,7.670214300838373,-2.591085091295966
Bichon_WHG,-1.008251028597639,-3.6813513853606885,9.012171125957003,-1.6000201000264627
CaucasusHG_LP,-8.456601562900314,1.1144564975368683,14.314557209713133,-7.1478084950254965
Sunghir_UP,-2.78120396979262,-2.9628803587370127,10.743412673732717,-2.91767173130566
Kostenki_WHG,-9.362754462309999,5.1243038138900285,12.994624775968811,-14.605917765452999
Yana_UP,-9.478589784785541,3.2040813214028123,17.29862649011504,-5.317916366548234
MA1_ANE,-11.016703272646067,4.6358801287031035,15.436256781865772,-3.2423517749130975
EasternHG_M,-14.585080899417187,9.154469974441092,19.547878438086087,-13.048513835303359
Dinka,1.7194875423572435,-7.633817530577177,2.293356219312983,5.873906705777588
Altai_Neanderthal,-10.219027748335307,12.556625538238677,11.289060694746698,-0.4943757514978948
Denisovan,-5.322727386329376,2.6814862122808893,5.618817254255948,2.1862090101404346
Chimp,-8.120226688213656,3.921471918633188,7.737647870551422,0.4596907799139074
