tipNames,x1,x2,x3,x4
Ust_UP,5.054935723549207,-2.6714875038832275,-4.2535589315109,4.349746398008064
Loschbour_WHG,9.127567680777496,-7.715804724558698,-9.368993143785096,5.883508028163822
Bichon_WHG,13.307032050980526,-11.07108523821012,-14.663286094964318,7.485404368666059
CaucasusHG_LP,6.677419461426093,-3.2978516121296844,-1.8837683277518422,3.4665922074128117
Sunghir_UP,6.0950216608528685,-3.573722395570881,-5.767418128217652,2.977778893577541
Kostenki_WHG,4.862218275395876,-10.950881618298775,-7.119103603745728,-5.948401321191035
Yana_UP,7.151205865795578,-7.493586052709016,-8.522159297803164,4.476794854499935
MA1_ANE,19.41881605717237,-17.259534227436383,-11.463446560280044,11.50264552417379
EasternHG_M,8.095170628292287,-3.333391907492704,-9.568495839328127,2.632451776027711
Dinka,9.583469601138935,-6.834624192888441,-6.453243734413336,7.406791912088759
Altai_Neanderthal,-3.002155168286837,2.7405009321367686,10.731317620194746,7.015303248693314
Denisovan,-3.0076385083588004,-1.1392909305780314,4.764324816912839,2.3029244594410394
Chimp,-2.7546979101349622,5.620896405772175,4.908780097017591,-0.4129078893984537
