tipNames,x1,x2,x3,x4
Ust_UP,-19.46388303764528,20.03486965868884,21.30119061888821,-9.032642598242697
Loschbour_WHG,-11.710016617814444,10.232050231100695,6.810138554126626,-5.363630126118697
Bichon_WHG,-7.524959506312328,5.208987829035934,0.3730781272124237,-2.518082949914639
CaucasusHG_LP,-12.964479533279672,13.396580853426133,12.176096435785434,-3.192185761153689
Sunghir_UP,-20.71277299643838,21.841261322050535,19.1121676566875,-9.023944552727636
Kostenki_WHG,-20.933412199296107,21.24707081897949,18.73951112725897,-12.379680801626433
Yana_UP,-16.833365051845366,18.3496729334301,19.956827150938032,-7.054984430238757
MA1_ANE,-24.51235074563309,29.445242272976692,27.31110805309759,-9.963545282056028
EasternHG_M,-21.607447006836914,23.181376835142398,13.796443619786466,-11.578003183993433
Dinka,-12.752085188554359,15.8283492495279,15.506425622387246,-5.967475852140245
Altai_Neanderthal,10.187824409347897,-8.749395912718146,-14.61029329865247,-4.567395681752707
Denisovan,-6.276784351316746,6.638196589616702,15.248117255749293,-0.8234751584671205
Chimp,1.1353594771733602,-0.5206391970794443,-2.3998763638521767,-0.38554958160860153
