tipNames,x1,x2,x3,x4
Ust_UP,5.978519162560899,-6.01500311766487,-11.936598540059292,12.251198398769699
Loschbour_WHG,3.359768563542419,-5.164678918119185,-9.323667130934,13.471241369954507
Bichon_WHG,7.407951517459753,-7.791650280927803,-10.961906321902013,17.85306842641159
CaucasusHG_LP,10.892171202510863,-7.289536000103194,-8.59619168859782,25.14386716041504
Sunghir_UP,6.62160518156176,-5.978307264128788,-9.865660272918502,15.372017337182363
Kostenki_WHG,13.940971396311035,-15.815726248123205,-19.071665782338187,21.71433239707393
Yana_UP,6.0467339591914335,-7.618947125902131,-9.169415115481696,17.305788907177163
MA1_ANE,9.480390738276927,-3.361060968655617,-6.120678545973529,19.888449232520077
EasternHG_M,8.97017487314975,-10.087991349632967,-8.395092419659623,17.73209009943883
Dinka,10.990263490232936,-7.178182130471193,-10.769094833409522,15.82522097445262
Altai_Neanderthal,6.591525241903157,-12.80835043306544,-14.391669387193877,7.4461735709835
Denisovan,18.044386800868523,-34.08835584132958,-21.89556698983652,15.4890441317018
Chimp,-3.8385740526075582,1.1001086439706929,7.8132204293559715,-2.039520008705055
