tipNames,x1,x2,x3,x4
Ust_UP,-4.657784026715814,6.6018319855754894,-0.7036977837438778,-4.742353977978223
Loschbour_WHG,3.2148345156575218,-0.9034622584405435,-8.016119105122543,-1.1150589657557703
Bichon_WHG,2.1612059714819436,0.13044180593436883,-6.604951193332183,-1.950953641411195
CaucasusHG_LP,-10.04975072032977,17.483755398577742,5.83560981465971,-10.103388624975215
Sunghir_UP,8.422302767123456,-4.31094301836229,-13.604073867004011,2.129019677662793
Kostenki_WHG,-1.9502714148259268,-2.6587799357486226,-3.643921291945537,-6.182134754835244
Yana_UP,-1.1590550472666215,3.7303598177875648,-3.7033175230217954,-5.807206015450549
MA1_ANE,-0.17390321761548955,-2.6624460030097716,-20.445159600909044,-8.901706016268149
EasternHG_M,-2.40467396634542,-4.369468052990177,-5.726201646312067,-1.235012852610093
Dinka,-2.39388917775343,1.5695283831259434,-5.186594273527528,-2.7095557543511126
Altai_Neanderthal,-5.9815879338126825,9.734998363974732,4.5017021588652995,-5.795247379052986
Denisovan,3.938113014148021,-11.633141908848918,-7.299822317802365,2.4634943429377083
Chimp,5.03639239368814,-4.1006692031930845,-6.520151604220967,-0.16711463898749337
