tipNames,x1,x2,x3,x4
Ust_UP,-11.820961925952295,6.369053550051469,5.822978891955969,-19.10418469380195
Loschbour_WHG,-14.29196125459261,5.709495707448964,6.336427141036945,-22.264466050936107
Bichon_WHG,-19.70260777430481,10.783415744567286,12.72994905497007,-26.736392235168754
CaucasusHG_LP,-23.800495700080106,20.559098086615723,21.95563306585013,-25.310841433913073
Sunghir_UP,-14.287836596635596,7.042134763140372,6.924159710869963,-21.71880173328658
Kostenki_WHG,-4.500124501139508,2.064632708684726,-1.7520894512899696,-15.021863993908992
Yana_UP,-12.120831434278076,7.260083306405107,3.6933492181326586,-21.412825346530987
MA1_ANE,-6.968993134672069,-0.754116656563717,-3.840345611403417,-20.92965784650218
EasternHG_M,-31.149685457354963,24.124738672081836,26.683839288885125,-33.14370882661698
Dinka,-9.026235641042094,3.385675830149324,2.2412599609657593,-12.30401220800072
Altai_Neanderthal,14.428907097608892,-12.198552359734396,-0.7198968098703413,8.378860051683493
Denisovan,2.395671221297104,-6.3543966324271635,0.752008011583442,-5.041762382954328
Chimp,-7.147109818391128,3.5255147840840784,3.9109252494551816,-9.150360539613533
