tipNames,x1,x2,x3,x4
Ust_UP,7.396492778684269,-8.760356400761491,-10.451064181660088,-3.3237046366069025
Loschbour_WHG,11.11700447471372,-12.685462923052546,-14.047000477153368,-3.925552270617659
Bichon_WHG,9.542152418520665,-11.629950889183544,-12.388853195464511,-6.7575428064686385
CaucasusHG_LP,21.61120508019109,-19.240134883760845,-24.081808859822964,1.1562565634805075
Sunghir_UP,-0.867111105323592,-2.0174606179213503,1.0104012401787124,-7.3182406447033905
Kostenki_WHG,16.98740961868282,-13.9405739833578,-12.883241880498097,-3.8279170631601
Yana_UP,7.076213966322237,-6.0446597478987085,-7.7187233134518465,-2.7176382577026934
MA1_ANE,13.31053926438764,-9.628965373055633,-11.823411228942287,5.417034877852762
EasternHG_M,9.569661872084701,-13.415572055426983,-23.39734119746473,-5.3720154718480915
Dinka,0.46649160065792666,-5.189412548673479,-0.7367293660213372,-7.434895956174069
Altai_Neanderthal,6.841873129864149,-7.028147381826939,10.161526270364654,5.805690491387544
Denisovan,17.330881376351826,-7.327160781101947,-12.589062167905109,15.54333696774362
Chimp,-7.687517516847121,7.656782571982274,9.151514852783686,-7.95337205991191
