tipNames,x1,x2,x3,x4
Ust_UP,5.665752589244981,-9.586428608105772,-6.754758542682206,0.153981412962641
Loschbour_WHG,8.296823983190222,-11.755157938633745,-5.502890266557106,2.733374264747086
Bichon_WHG,5.846116032059922,-9.818278814646273,-1.1564227612494418,0.9149692692142186
CaucasusHG_LP,17.670777504680537,-20.78441027702904,-16.248659008389076,-0.9237700860068063
Sunghir_UP,2.5250055333239927,-9.228139387074528,-3.421902737264057,-5.953857581956948
Kostenki_WHG,2.0163070473279574,-11.209906517976751,-4.40133475095271,-3.737218461106548
Yana_UP,1.3739561300410674,-8.264398834671283,-1.4868216942255401,-2.5552789692388584
MA1_ANE,18.66550473178357,-22.02291363564362,-20.312798427075744,11.640796745952086
EasternHG_M,5.564791868916491,-10.048512491741542,-6.405810646634508,1.799748184862036
Dinka,3.1606575990500554,-6.768424912708144,-4.215967662783353,-2.205314739083676
Altai_Neanderthal,18.134677641410644,-24.108300056713546,-22.131716247341338,8.309371324699555
Denisovan,0.8317760973566033,-1.6744622257852981,3.7561697737965414,-2.2448639901578655
Chimp,-1.2183028956977096,2.187297064696043,3.92989602252792,-0.2914682796892902
