tipNames,x1,x2,x3,x4
Ust_UP,0.9086546309371882,-1.4978065268274317,-6.987867512216989,4.815340651630543
Loschbour_WHG,7.848888321987738,-4.776245526762698,-13.83458668601018,4.892124823524487
Bichon_WHG,4.832743034459849,-3.878429840212957,-11.40403172465212,4.606570099507252
CaucasusHG_LP,-10.923338306927597,17.693540940570486,9.769186634599325,-2.178052858779661
Sunghir_UP,1.6165115566541983,-0.5201105269758663,-7.721932457715585,1.3107496599592445
Kostenki_WHG,5.847510339704101,-1.6499772315563896,-13.882695110560434,3.0682322041459082
Yana_UP,1.0489641326394792,-1.2584960829658975,-4.120028685181431,2.4057364653956994
MA1_ANE,-1.4273818346918183,0.862404788117252,-4.722563072249903,1.8339222939015603
EasternHG_M,4.777210221563854,-2.95073182379811,-9.899557423376011,3.7179685459036027
Dinka,0.8458230375383007,-0.11605465959329742,-7.069520277355251,1.6739007851001284
Altai_Neanderthal,-17.29226309033028,15.26181525946817,26.272153691745388,-6.46127649175078
Denisovan,-1.9489752405891265,-8.619869284390026,-2.749174972045494,-0.8368872512036034
Chimp,2.2129616357252018,0.3703210193070113,0.12921297959886904,-2.7756668164144878
