tipNames,x1,x2,x3,x4
Ust_UP,-16.594772483848356,15.668481030792112,30.999064732664916,-4.974400123573218
Loschbour_WHG,-5.870205165481711,4.435758763049002,23.013759238155984,0.41466643431542016
Bichon_WHG,-7.5037345175990655,5.048823990783395,24.011118229801898,0.6552141616853921
CaucasusHG_LP,-18.43161522823737,19.139765797715583,38.305037468778416,-1.9017980739500109
Sunghir_UP,-10.621051284929411,11.288009346342285,26.940411090935466,-1.1688951154926466
Kostenki_WHG,-9.143406042453034,10.152676802564793,24.938166869702176,-2.5489825872903635
Yana_UP,-13.560635057156844,11.850276912411328,28.537409681077676,-4.985417896490373
MA1_ANE,-17.77029059577651,18.70083849353255,37.62060932012045,-2.7628890366754013
EasternHG_M,-16.641690832350083,14.509597069639932,34.2404240406613,-0.18077313853518917
Dinka,-11.189401060794788,10.477342529733294,23.677175977827087,-5.501532293917097
Altai_Neanderthal,8.251562077319267,-9.408836352222693,-3.8718182884747323,3.5852697778854417
Denisovan,-2.4031654476575515,2.974272274390615,7.373853097883165,8.165136407475682
Chimp,-8.75181211794234,7.267389990803907,3.408666683646335,-4.315712198584964
