tipNames,x1,x2,x3,x4
Ust_UP,4.133690279467572,0.8641743886584203,4.020408543860065,8.530975064806634
Loschbour_WHG,3.094656284301104,1.6824934154283497,4.182829137102148,7.544019160503866
Bichon_WHG,0.0447758580656028,4.722768841519014,7.011112668026952,4.927863968304921
CaucasusHG_LP,-0.5868702516623845,10.425943867728856,13.71109072310659,9.076313206765615
Sunghir_UP,3.334216663054368,2.4528533071876093,5.653466824850571,8.799228282979925
Kostenki_WHG,1.4328677198007602,7.654634597293913,6.204938463804484,12.893705343398391
Yana_UP,5.277897018920214,-1.8135341113065049,4.938856601839359,13.29911733625699
MA1_ANE,22.294906867944484,-14.399127002207035,-13.345971492435842,20.83418755941966
EasternHG_M,-1.670519138311386,1.053058753483665,6.124220014764813,0.6070524283626337
Dinka,-6.306295283686213,9.527991385638122,12.463286993664592,0.4854401144590177
Altai_Neanderthal,-3.0156032103761783,-0.4962770664210856,0.19228829832889893,3.0837530390461385
Denisovan,-2.295866600383604,-6.0617003474211195,-3.8989725623350076,4.283322769976952
Chimp,-2.380154857547819,6.040541469357969,5.345791932099207,3.875725126481237
