tipNames,x1,x2,x3,x4
Ust_UP,5.167784387720692,0.4123114250932831,10.76987889757897,3.0494122967934767
Loschbour_WHG,4.784064664320854,0.892959993953376,9.341408846429797,-1.0605459810796938
Bichon_WHG,4.585139239178595,3.746059810679273,11.246406914141222,-0.5128594977491578
CaucasusHG_LP,-2.1853544818143673,8.733884885267376,16.21900973826668,-4.771698842633483
Sunghir_UP,2.9260816097078144,3.7090463865925383,18.036413669724045,2.3173913031504902
Kostenki_WHG,-3.493337878398056,10.065016093670454,21.720091260423988,-5.030122910856572
Yana_UP,7.853780471848202,-1.5703720966635135,5.2460611109080615,4.243794649267651
MA1_ANE,5.6885294374235595,5.578714528054315,11.480776062593861,0.8646939274926824
EasternHG_M,17.258714591346507,-7.203046605805847,-3.2167779607217,9.637654201110564
Dinka,6.4131799714981605,-0.6772259905902875,7.949637110788287,4.866021698765446
Altai_Neanderthal,1.4233930491280722,-8.652931135106838,-1.7398107257765814,0.09283148661426521
Denisovan,-13.279975400892411,6.442127039131952,5.249492163303567,-11.637104593415502
Chimp,-2.8760142962639392,-0.2982463898327738,5.457518776534639,-4.356260362843924
