tipNames,x1,x2,x3,x4
Ust_UP,12.871001407324618,-13.610703480374749,-20.99095995270154,15.80755007724703
Loschbour_WHG,11.118900775452,-9.97427547163698,-13.425389545039938,10.702320444825416
Bichon_WHG,4.6050825564011335,-4.587429275082631,-6.514490004254528,10.97199737692112
CaucasusHG_LP,16.81046946677733,-21.02321521789409,-31.162702649196373,11.74158283320686
Sunghir_UP,16.002662077082316,-15.138398473416608,-24.153288006076053,15.731081636142012
Kostenki_WHG,14.857806310061662,-8.763461555061546,-17.730349135368087,15.760778447291925
Yana_UP,13.232222632228241,-11.11996029986454,-21.36962200088935,16.91453917721465
MA1_ANE,19.151556980580235,-14.954340117034132,-21.708335424108785,20.83338912417894
EasternHG_M,12.223767815920882,-13.251849779402285,-26.38013583148821,12.295595962351342
Dinka,1.342221991597373,-3.583627213605169,-10.903386393190733,6.895061722994091
Altai_Neanderthal,3.6513950212116058,-12.682312029411984,-27.153031036249104,0.8159278180695964
Denisovan,-0.94173958002303,-1.3772471159017474,-4.162607314187431,-6.453599064699011
Chimp,-3.56145057882306,3.329469909701448,3.746365774068669,-2.7339395942854994
