tipNames,x1,x2,x3,x4
Ust_UP,6.711956571430214,-3.7825850215262795,-11.47815192784997,3.2126645930203805
Loschbour_WHG,6.2431210501642465,-5.974362870686712,-20.532296822968505,1.6990826419445095
Bichon_WHG,10.030496568984422,-9.996662905024838,-22.597459371529112,2.4846895123479147
CaucasusHG_LP,11.735267743796216,-11.588827418717447,-30.505548559102326,-1.1181119504376897
Sunghir_UP,5.442248949785283,-2.780800964687738,-10.190273497072054,2.549241361638788
Kostenki_WHG,11.752623353800402,-5.552419054005734,-13.393852628949709,5.541509216968386
Yana_UP,9.29922308687391,-7.37318492904241,-17.29651802159816,4.034279477469383
MA1_ANE,2.3316805829913223,-2.7017409578778926,-12.676087373644926,0.22766381773330124
EasternHG_M,-3.3938561152122366,3.859057686614368,-8.197623055102135,0.21194746340526605
Dinka,5.910169743915535,-4.655323687584442,-11.40746196118832,1.592530120013938
Altai_Neanderthal,7.376694298115281,-3.2894378552484085,-5.838462545056201,-1.3503313906151824
Denisovan,7.239890918863271,1.4648635726729293,0.9885315554058911,11.198080998027539
Chimp,-3.2139153195637684,5.837224778270523,6.5207874345434975,1.0689641406485917
