tipNames,x1,x2,x3,x4
Ust_UP,-11.364058099373612,8.983588536988504,0.2633659581949055,-7.502882686062535
Loschbour_WHG,-12.591937821153117,7.360320674629351,0.21157683031989194,-11.664544308139744
Bichon_WHG,-11.850414106126662,6.4731666307984215,-2.395693500755984,-10.413919434799935
CaucasusHG_LP,-9.554048510357081,6.650327848184437,-1.3669992603677725,-4.898167980817363
Sunghir_UP,-15.367533828193022,10.16471718578257,3.105827761147271,-8.79052988970865
Kostenki_WHG,-19.895210563749416,14.68136034971415,13.270177678251693,-11.679135212751971
Yana_UP,-13.552053104665214,9.64228150026167,1.944509756926618,-10.763040277986951
MA1_ANE,-13.61822273320002,10.900093022082125,7.83232890709451,-10.115617070011675
EasternHG_M,-22.04904750829656,11.337932396663396,4.523902973873376,-16.529754336776527
Dinka,-19.252066493927448,15.91475172615165,12.208837912231132,-13.29065892131676
Altai_Neanderthal,1.8657843740223508,4.21213891427994,-6.438256415413531,-10.574547493252206
Denisovan,-6.6962564439405785,12.914758921124017,11.359396121127892,-14.22705550710431
Chimp,2.7584823656715844,-3.1490497052276782,-0.7576410593922653,-0.24915623328892703
