tipNames,x1,x2,x3,x4
Ust_UP,3.057733797116798,2.8519628289156405,2.9123116139631504,10.804419066359488
Loschbour_WHG,-2.4906061008320974,6.051708050426617,6.732711328619477,8.122078216720803
Bichon_WHG,-0.5933524674685042,2.0178633613770516,1.8276597740731295,7.905350635105059
CaucasusHG_LP,-1.7373512749563593,3.4795212638902875,-0.7689278177283214,2.4444637229145307
Sunghir_UP,4.5611906578142545,-0.8357167375157756,-3.4217939965386166,11.05288637089172
Kostenki_WHG,5.74578378138232,-1.3485270986897706,-6.809216819906509,14.073055258682317
Yana_UP,3.468431328314118,0.9856456318372853,0.9581037119627651,12.068433721565913
MA1_ANE,26.8169235928068,-19.116211904949896,-19.295052856856017,25.68477680751593
EasternHG_M,-3.36178723506241,5.639201226349982,6.943005843995512,8.229794636008679
Dinka,-0.876269317152621,5.881329352598692,6.028790052657715,6.7864734107881155
Altai_Neanderthal,2.12072017013754,3.0614446702384486,11.541771492086806,16.279978434471953
Denisovan,-9.03233753642112,1.5334222865808131,0.40723224798566515,8.294079053905737
Chimp,-0.45106933050613,5.051181167678874,4.987253122359722,4.25995797150311
