tipNames,x1,x2,x3,x4
Ust_UP,-0.8717131409812902,3.1402687236215026,-1.9974763121494767,-9.365672358732683
Loschbour_WHG,0.37595478382260006,4.205617173802481,-4.472636319906197,-7.140384758588948
Bichon_WHG,-2.70414441497945,6.924056278998808,1.8259220377724064,-7.560236429360703
CaucasusHG_LP,-6.948419733921359,2.9077988281193266,-4.416390718117225,-18.152946620150125
Sunghir_UP,5.352209566541744,-1.819469261125327,-6.175221357319294,-1.5058616004679997
Kostenki_WHG,-6.040362611010597,12.510322586861392,6.809925760787617,-6.614938232336095
Yana_UP,-0.9524267442083265,6.739066168592354,0.3027706607621874,-6.17234002120725
MA1_ANE,8.479736538496606,-2.0231471778342565,-8.270275254018172,-5.559501418290877
EasternHG_M,5.676675745814238,-7.115276889058596,-8.658832485048585,-5.403883455355138
Dinka,-6.980236739514122,8.015959094007561,7.1222426195074515,-10.156930664149357
Altai_Neanderthal,2.3582744121705783,6.7118356331340525,6.085371167082881,1.0078585122469266
Denisovan,10.158875978994597,0.22891233747384154,-4.259670665181107,5.812272705320094
Chimp,-6.46232646116215,8.32320178019738,10.083723341320532,-1.328883310309885
