tipNames,x1,x2,x3,x4
Ust_UP,2.647024118838276,-1.6115215923644586,-2.722399341130587,4.302167950339718
Loschbour_WHG,0.14340656668224072,-0.6535483083624087,0.19494589311212285,1.7543126665364508
Bichon_WHG,-1.0958691690554867,0.19775551732712726,1.4280116863008159,1.7571867150244138
CaucasusHG_LP,0.1164589517682213,-3.333619808192174,-2.48024838717291,3.5110168680828373
Sunghir_UP,5.85972449325511,-7.900927044112461,-9.096208755010117,6.3833294677995225
Kostenki_WHG,-11.45402118039452,10.454975689145842,11.561393230578132,-7.847436377900267
Yana_UP,7.417593258210442,-6.221119872342209,-7.027941368090353,9.244931543683865
MA1_ANE,-0.5841847870764463,3.6517308845199414,-1.7945937401694474,0.18175960218283826
EasternHG_M,-0.6400338262837719,5.866830159552251,6.3952111808754655,-0.9659283810635069
Dinka,3.107201310732047,-2.5901225765042595,-4.1633675842011115,5.460285989847028
Altai_Neanderthal,-0.34647785848024215,-6.21098515312131,-3.46995049826321,-8.707427805765402
Denisovan,5.739604294596056,-4.227772933220022,-3.9890793509337747,7.3110812966461065
Chimp,-0.5851175796566118,1.9326864423655679,-0.2931466910392419,0.4880043817537218
