tipNames,x1,x2,x3,x4
Ust_UP,-4.866961618489679,4.310358315926109,3.393909992819081,-3.575248118113338
Loschbour_WHG,-3.1983828782300128,-1.1727443458309454,-2.879618763300555,-4.283408263454177
Bichon_WHG,-1.837600393857588,-3.1328506022753704,-3.6110250658938905,-1.436029421185202
CaucasusHG_LP,-4.091947797380301,1.875583651653988,-4.458860831405124,-5.09605820702352
Sunghir_UP,-12.064715036490984,10.923362896920192,9.827080425537808,-8.212010638636082
Kostenki_WHG,0.20282909289035178,2.201397591545447,2.4407461418487415,-1.2174915073690133
Yana_UP,-0.8621527228233639,1.4810858916321505,0.13053356250505121,-1.821559055503605
MA1_ANE,-8.654182983826225,6.333406499713348,1.975283229683971,-3.34600010971863
EasternHG_M,-8.287918031058908,6.02135880205431,8.378681426445484,-5.053982950266196
Dinka,-7.370281177554119,9.449454698159126,9.07448405075314,-2.8103174786890315
Altai_Neanderthal,-17.156340946696957,-1.5892335697511042,1.2789449386767355,-10.794929224961447
Denisovan,2.025462537526476,-9.664611045432915,-14.64366086776482,3.179720890146717
Chimp,2.448306111996356,-4.220753722895611,-0.8327718270683746,2.777521105494283
