tipNames,x1,x2,x3,x4
Ust_UP,-18.463192639383482,22.38425291168761,28.429970520526783,-3.536005155514796
Loschbour_WHG,-21.815589282391045,25.18916049964068,28.454388072714995,-8.697541167816476
Bichon_WHG,-23.127006306646987,27.456276748686662,30.552701028177236,-8.184598523481728
CaucasusHG_LP,-22.60786806735595,30.999757818494032,46.28752423472767,1.6182765442051643
Sunghir_UP,-25.187838559218516,28.738490600256785,33.63249294266578,-8.625204216916654
Kostenki_WHG,-26.480019997133496,34.24361985593231,32.17191850436492,-6.876051414269161
Yana_UP,-21.394423622337133,27.872961423575727,32.149848786246146,-3.4176009152732627
MA1_ANE,-27.025560742194457,29.403533445665207,34.97649199784668,-11.099560710147024
EasternHG_M,-22.55092067208979,26.068861860622295,35.14616762916233,-9.604812383473549
Dinka,-11.702514166129086,15.821224241298147,17.377932553802907,1.1573217848307946
Altai_Neanderthal,3.462213009473957,2.189514797447619,-11.734371286389138,2.2636357806962923
Denisovan,20.006872323854346,-6.742634799456971,-17.88135346520216,14.372782888478731
Chimp,0.5475086275400035,-1.0609856565787388,-0.4293665557378161,1.2255857839404198
