tipNames,x1,x2,x3,x4
Ust_UP,-9.688692814465702,11.67188827726088,26.253164841111104,2.5087637466462693
Loschbour_WHG,-1.5601448156675959,7.176607494269206,17.023778029935926,3.8143280283155727
Bichon_WHG,-3.859267336725913,6.928447353723243,20.10407043477111,2.3870813003254745
CaucasusHG_LP,-18.09055915687594,26.679136134034,40.770736893636226,-3.8418468253452702
Sunghir_UP,-6.334464332627133,6.645689512532369,18.47544127590418,2.7999992261707916
Kostenki_WHG,-0.13704078246456675,10.061533145903367,12.453400916322826,6.10168073320549
Yana_UP,-7.1467961953595855,10.896512609981173,22.566543226078096,3.7573335570459934
MA1_ANE,3.952928461269572,0.5660341334644734,19.41060168010998,10.517431544841823
EasternHG_M,-11.961970667120665,12.660180803481857,23.42248283047079,-2.8212171697837665
Dinka,-7.677793451424077,12.093204620750175,24.96721666010275,6.2860535188117925
Altai_Neanderthal,-21.81981943769199,21.21979390661191,31.55522847024362,-0.5632576458153022
Denisovan,-1.0495759294738747,3.4472191940135346,17.941137030570232,1.4061894148739182
Chimp,3.746800600682257,-1.9895547739414636,-8.353728006319987,1.1663816658344262
