tipNames,x1,x2,x3,x4
Ust_UP,-4.121161955148653,4.06397519478093,-2.5831022670717028,2.5555985548420743
Loschbour_WHG,-8.104230556431082,2.851218803108474,-2.262297491920401,-2.339864545633028
Bichon_WHG,-4.08768514361873,2.6497596163104387,-2.0913428445757067,2.054210102481536
CaucasusHG_LP,-8.461421997294075,8.79285409525812,-5.553681347674909,-3.348249926814705
Sunghir_UP,-0.04381063420157774,-1.593914239152214,-3.430372546225806,5.65967210449525
Kostenki_WHG,-2.810443874308488,-0.6488381376320853,-4.930353535101634,6.696693349908326
Yana_UP,-5.385233530433325,3.728002536715249,0.17803034699805176,2.4967679675452357
MA1_ANE,-9.195360387883984,6.614539265398269,3.408796835028989,2.5550647343835866
EasternHG_M,-5.4327674946191635,1.009818494511461,-6.577361925640494,-0.5286261879350302
Dinka,-1.5466324688809099,3.444238763578074,-4.544238694492032,2.002630651912179
Altai_Neanderthal,-9.195681588948863,15.27289028468633,11.280151199243523,-4.942224103033641
Denisovan,-12.820292182091402,15.121780905840577,16.112789896686923,2.36608735253152
Chimp,-0.057097258079495734,1.5213531333096737,1.738785275179078,1.7941633085528175
