tipNames,x1,x2,x3,x4
Ust_UP,1.479028912066335,3.4924758309059656,2.866671587694076,-8.419520275620165
Loschbour_WHG,-3.6734302838357555,12.309719856290672,5.932673958751836,-11.880794101930794
Bichon_WHG,-8.468115717642636,13.535043131141789,8.626718150343333,-16.31354316082697
CaucasusHG_LP,-1.6724251092518934,9.375749247277172,12.665310632295832,-11.909090820343874
Sunghir_UP,-2.5973317688068276,7.929403038501834,6.977861262095686,-9.781156602543518
Kostenki_WHG,-11.461095188622274,18.560341490038866,14.655334132594216,-16.18683149326184
Yana_UP,2.068147495586547,4.08018588710126,5.281976724121583,-6.521465126415835
MA1_ANE,-7.5986386802517,11.981499300287993,12.7802728898417,-11.389675261045003
EasternHG_M,2.3630371977228135,5.083699130000077,1.4100795287252508,-4.389669889296018
Dinka,4.236481140028021,3.9524260403625036,0.09386254799836191,-3.0327347392267954
Altai_Neanderthal,-20.038607193191506,23.974290829898674,26.120854896529515,-17.89471435754903
Denisovan,-1.2175720750372685,4.061069866074625,10.03717093925065,-7.715943668101338
Chimp,-1.8160721052158033,2.541497261701079,6.866413711240404,-0.7176400284478058
