tipNames,x1,x2,x3,x4
Ust_UP,3.315790201293497,-1.3442115175002554,-10.282034897838589,2.4794108051330435
Loschbour_WHG,2.3129596743601066,-1.086644756608106,-9.794837498546345,1.6600666313995407
Bichon_WHG,-4.599320668738119,4.873291990609101,-4.506300133291142,-1.7060986467064876
CaucasusHG_LP,0.795582477224541,0.9175981828797439,-7.82990410806039,-7.092963270613403
Sunghir_UP,-6.560593615095773,9.96145188829409,0.8911675959655341,-3.0344696369208144
Kostenki_WHG,1.6108757194074852,0.9438608635408263,-10.368449322853685,5.041702620099139
Yana_UP,3.3983815094525847,-1.2467114452759467,-13.871086284254798,3.417020528597135
MA1_ANE,8.46572753392753,0.6160345556779245,-21.134299087642464,1.4119433735948104
EasternHG_M,6.58085288337325,-3.937821541846368,-16.90543080617963,8.63704295454624
Dinka,-2.0456920305417308,-0.7753930858566177,-10.125521606491967,-6.496938711795195
Altai_Neanderthal,16.0025034546955,-7.688116985062981,-27.044849991801534,-3.520595279015594
Denisovan,-10.914394703750464,17.22945178232895,8.728438740288837,-12.300355461485205
Chimp,-9.27289194218467,10.244853799670922,12.075578416857631,-0.38038316636374764
