tipNames,x1,x2,x3,x4
Ust_UP,3.1957426505612148,0.2142076628360431,1.7068192799970785,3.93576443728288
Loschbour_WHG,4.963897520948406,-0.3697271594226379,-1.4810711465344535,3.9165995893327725
Bichon_WHG,5.12489291679052,-0.9807971817809775,-2.2144463383968365,2.784344006144432
CaucasusHG_LP,11.499442210372962,-11.657266534122549,-12.45886987286103,7.241389875485713
Sunghir_UP,10.26016616806496,-8.030753088258086,-7.89025514854117,8.225625210660883
Kostenki_WHG,4.386167549564661,-0.4485393398577142,-1.6999089289127434,2.4702529178589625
Yana_UP,5.158494243093972,-2.2078956409637867,-4.572444348311264,4.971394052885966
MA1_ANE,14.27049326743672,-8.548966876191328,-7.122060642347922,9.569267965681643
EasternHG_M,6.311233040176051,-3.7242235810823083,-1.8107721889776096,2.48530571683897
Dinka,0.5476390747034425,-1.6408776118503947,2.7887991903882496,3.3815400813921324
Altai_Neanderthal,-0.26418426312776866,0.1702365451529717,2.3824780824295146,-4.366485534884564
Denisovan,3.7615704767803972,-9.082421381030471,-6.621823900693659,4.835793087328157
Chimp,-6.036725864920214,10.73095512656287,10.555924949615372,0.833690830514858
