tipNames,x1,x2,x3,x4
Ust_UP,-8.735861883618128,3.389875593545969,-3.093360460790005,-4.856664770593325
Loschbour_WHG,-12.163620605338995,9.465678696788737,3.8763788426544257,-5.322747845152522
Bichon_WHG,-7.803996614483362,5.77971393822917,2.089880569610095,-2.577502556999227
CaucasusHG_LP,-19.47889560690478,18.1862748373492,19.41280810119096,-8.727441146699714
Sunghir_UP,-0.6775248910800276,-1.8736891099751958,-8.626572919942323,-2.0701459454059874
Kostenki_WHG,-7.026130034949144,5.396458044144401,-3.1603334406740515,-5.145695441787932
Yana_UP,-7.732643107040864,3.0663102126039887,-4.492148082281361,-6.173560387250995
MA1_ANE,-12.313635387462494,7.767702847832341,1.7193481396963834,-10.954368411929218
EasternHG_M,0.5359767181537123,-7.659074342014053,-9.317884892848475,0.5924504108490956
Dinka,-7.734154836142273,3.9894129235309044,0.8763155095568642,-3.569102246397156
Altai_Neanderthal,-12.787420338209614,10.526325886055123,-1.5256093268232602,-20.003841483424424
Denisovan,-20.16382694642999,10.750486291090706,15.354567200108656,-23.032769022499387
Chimp,-5.803126563120929,1.5534328001169426,3.9142079339641755,-4.387258590417017
