tipNames,x1,x2,x3,x4
Ust_UP,-6.78873479203172,6.626823252042125,9.62564615814567,-7.817587464043363
Loschbour_WHG,-3.425447450831494,2.4431712292034446,4.124803263872749,-5.54203626745916
Bichon_WHG,-2.4354567707987274,1.7639824818407215,5.366814984877204,-1.3852349495913805
CaucasusHG_LP,-8.798831031286854,8.044562378447226,17.870992970628578,-4.343825142638788
Sunghir_UP,-4.61329977019574,5.540024501594382,4.000688177238202,-7.886936499154341
Kostenki_WHG,-11.708861162402423,9.649821410666316,10.438842434892853,-14.274424710019492
Yana_UP,-4.331480376364626,4.06366227461067,9.364025698638683,-2.690669231750121
MA1_ANE,-6.283279882852492,4.457857056858043,13.375660869697683,-5.137977197895811
EasternHG_M,4.924971621568892,0.8691406996942657,2.556748762934096,4.340908785940011
Dinka,-6.129841193356727,5.541772806876366,4.886470465967021,-10.240555221556058
Altai_Neanderthal,2.4639306964697547,-3.4784375951791064,-1.688084580013106,-8.536113205462026
Denisovan,2.5156500141503506,-12.551474957315722,4.048020303236356,10.246197068808486
Chimp,-0.20515776330616373,-0.9601302071586327,-2.2503137552944015,0.28771240977564944
