tipNames,x1,x2,x3,x4
Ust_UP,-9.208419312460476,2.487890540547727,6.196843628094969,-7.306834514250932
Loschbour_WHG,-10.935685593818011,4.022770278584812,12.910306660443121,-8.041139473497987
Bichon_WHG,-11.043127831998016,3.8558765505253088,11.74389661602423,-8.33673069823993
CaucasusHG_LP,-1.3764031506398355,-4.090500907580884,1.109243760103685,-0.5574083429283769
Sunghir_UP,-7.537331121890687,-0.6276962455566002,3.755679475306614,-5.777207101738081
Kostenki_WHG,-19.533062873897514,12.798080162883895,25.0572918189443,-14.303864488161352
Yana_UP,-12.42613748608162,5.207051154264083,12.28236920336747,-8.946436994240385
MA1_ANE,-6.329069521244309,2.450705566563726,10.672054039907225,-7.762365935173452
EasternHG_M,-20.923593251033182,9.226583793651688,20.793531173213132,-9.366716196690746
Dinka,-1.3939092444883987,-3.1432689264907747,4.948853848749106,0.5375265273563727
Altai_Neanderthal,-5.328045249788181,3.539457434541659,6.844209508621702,-0.49323079980907325
Denisovan,-9.64950064205454,8.289045330797636,19.917042952812608,0.014468333112753529
Chimp,3.502411427474248,-1.455384717403963,-4.776321294516189,3.895816060157558
