tipNames,x1,x2,x3,x4
Ust_UP,-5.173625976403993,2.1786265650508314,5.875828884631684,-2.57430760003854
Loschbour_WHG,-3.4775610864458026,-0.9187868189852856,6.203273017067719,-0.9357234172481638
Bichon_WHG,-4.617121411483397,-0.14359942039805174,4.973156975147984,-3.3362444138948795
CaucasusHG_LP,-0.637791158409133,1.1839366945773757,-2.929782195979706,-5.072154787763354
Sunghir_UP,-4.5949516248659785,0.2423992048400614,3.7229696152680924,0.30997952087291447
Kostenki_WHG,-3.0372911507361997,1.162114686056407,-1.5671397747128104,-6.730790348399266
Yana_UP,-3.2470562366569773,1.5378123046717573,2.428882764563444,-4.417437326272589
MA1_ANE,-5.665555712099021,0.9838640486658865,1.7531998282319683,-5.90337013311297
EasternHG_M,-5.505568501928142,1.6235342783772104,5.42800843512974,-1.711376036410369
Dinka,-8.5704520619445,6.1299844696930315,8.524055010977175,-6.838867581932435
Altai_Neanderthal,10.20414791141356,-13.215280640194646,-16.93029886904536,1.4459694146171427
Denisovan,-7.8533124550008715,11.397157656160651,12.53446086511392,-10.250694721196501
Chimp,1.3874080397497557,-3.22804796275592,-3.4482735111947234,3.577250518317515
