tipNames,x1,x2,x3,x4
Ust_UP,7.661269509849178,-10.175904845901455,-7.562468377696251,4.131027614365995
Loschbour_WHG,8.529058666561529,-7.558966804587954,-10.455870435583309,3.3665991102262876
Bichon_WHG,9.071290229537512,-8.033280483165434,-10.791539303690435,2.8360320005283866
CaucasusHG_LP,17.663167429584533,-20.968260824063876,-20.017749524886298,5.705883144258495
Sunghir_UP,9.758789374293913,-8.377108422845875,-10.478271086371146,5.235168544052165
Kostenki_WHG,10.65263859550939,-14.90817761507921,-17.025868741380698,3.7057659761019934
Yana_UP,6.542778805240368,-10.623757456722249,-7.503786269990396,3.2716350657399245
MA1_ANE,12.518125635653881,-12.96260334768044,-11.055764447636037,5.965219588856365
EasternHG_M,14.790444733128684,-17.925887419789493,-18.095377680111596,0.11364154053388642
Dinka,-3.3567749015173707,-0.6548504761131866,4.546533956469971,-1.306622047217888
Altai_Neanderthal,5.330219357475887,-9.941919864788167,-2.2795829461528885,2.674053280752562
Denisovan,18.754607897434155,-13.75779071678975,-8.22392716475984,7.903516992837344
Chimp,-6.230604758448589,5.740580383624654,7.198260433571819,-2.9302280925986164
