tipNames,x1,x2,x3,x4
Ust_UP,-3.6069843670092854,-2.684240201938588,-2.0730864127537485,1.4114976611617598
Loschbour_WHG,-4.118164194308492,-1.4914581725061429,3.6168236931708115,2.825232253256637
Bichon_WHG,-6.904422096871241,1.8542099678781037,5.9760653174310745,1.1474047346089817
CaucasusHG_LP,-7.648646126675126,1.917539339387649,4.6508288090284005,-1.3858133494228086
Sunghir_UP,-9.545013205545368,2.864958780031566,2.917161292470488,-1.975526447600949
Kostenki_WHG,-6.2839471528435205,1.612788165377398,-3.2475714818615193,-3.8329668541900443
Yana_UP,-3.004828111621917,-4.715869384624144,-1.4735639348001475,2.029855354718942
MA1_ANE,1.3562735368096526,-8.99879079738309,-5.545386189278984,9.700105516738233
EasternHG_M,-13.111057821462119,8.678422784508914,10.31035387870018,0.6469399097658461
Dinka,1.2150743924301508,-9.477500810354002,-10.62374770297295,4.381632331280099
Altai_Neanderthal,-3.310463084805115,4.487305560956327,-9.310881521242791,-3.880170714632566
Denisovan,4.593519706685152,4.759512084127739,-9.66231203589426,10.066946599753932
Chimp,-2.713763558325956,1.7723520866753,2.2417319170491226,-3.85967622642259
