tipNames,x1,x2,x3,x4
Ust_UP,-5.914137213294224,4.0383249583548215,8.976437766411339,-2.857357696174177
Loschbour_WHG,-6.125072238843481,0.4553392849356269,7.818771923405196,-4.664341799594172
Bichon_WHG,-1.629307861588888,-2.817993697755199,3.186226658984852,-2.9458955737653962
CaucasusHG_LP,0.16650927326065368,1.8333631705230702,-0.9040982124100845,-3.579868683773519
Sunghir_UP,-4.3312681112072156,0.5807181530397741,6.174918971806991,-4.73360817347317
Kostenki_WHG,11.435719831626026,-9.957900816192753,-13.861627342216762,7.952241411786019
Yana_UP,-1.2166494799958176,0.11502733117181241,1.0171247633874803,0.14327847528204618
MA1_ANE,-7.770807103101147,0.8171610607682286,9.518247081628417,-1.2283904895049131
EasternHG_M,-14.257611156883666,9.857393969208356,14.010379668051396,-11.155995096392301
Dinka,-3.1208074139640107,3.8386799331764343,7.224352702698292,0.465071707206093
Altai_Neanderthal,-0.06503946123747717,7.328879940984402,3.8922755936139017,-7.428958082671186
Denisovan,3.107298219228454,-1.2873889334133262,9.77767522233072,-3.5354832738719795
Chimp,-6.0356825263558935,5.631392187189154,5.405999682648373,-6.7499606085142005
