tipNames,x1,x2,x3,x4
Ust_UP,13.741548057262094,-14.590741532953533,-20.97026108600305,12.964052444341363
Loschbour_WHG,10.689446093068735,-15.14737880175094,-17.416119499221573,12.548341458868508
Bichon_WHG,6.44557962643625,-13.561411465611785,-14.635516335120032,6.3675997260931565
CaucasusHG_LP,-3.8474210718812722,0.9745028700282967,-10.704599801939253,2.0653855016286164
Sunghir_UP,5.505286144934832,-6.2552239682351605,-9.362088222952124,7.201919653546048
Kostenki_WHG,3.846132715594015,-0.9996370666354366,-2.7019883660091466,4.1428956991192605
Yana_UP,9.279922592273468,-9.621332211651746,-15.410044820413606,6.726746891615053
MA1_ANE,7.488968037672384,-12.414242130490909,-12.877001646553694,3.651530528273634
EasternHG_M,3.2644607123406733,-3.270082024962128,2.2962403137940743,14.812699663666637
Dinka,9.503314822430161,-11.454604158227129,-14.09449370078521,12.295732585896125
Altai_Neanderthal,2.6952586663213776,-15.515696496157533,-14.635288083816478,4.419805081447166
Denisovan,7.543472877829563,-3.0329064436142836,-4.346745586002725,11.747600549972368
Chimp,-2.087671210401835,4.066733182634938,4.007177535874907,0.5884899017872719
