tipNames,x1,x2,x3,x4
Ust_UP,-8.987685173896224,13.063408243450514,2.9666409171851273,-11.516652920476112
Loschbour_WHG,-4.22306617359285,7.281052873355167,-2.0821232777163026,-8.534237282331258
Bichon_WHG,-3.5168383739991405,6.426203207516043,-6.601712416737177,-7.0533664400347345
CaucasusHG_LP,7.315472512551491,0.07986237465006774,-14.197276699176943,0.6061481535270286
Sunghir_UP,-8.48195508006318,12.740443512862619,9.5013032665935,-9.209534040076647
Kostenki_WHG,-7.877788159296317,15.038584700149528,-0.5944644119077047,-6.902866773050086
Yana_UP,-7.284821137530372,8.235659485313462,-2.288938727087503,-12.496751178066487
MA1_ANE,-14.497960446802937,20.46625279711853,14.630190799384323,-13.661191150017455
EasternHG_M,-6.741203538829306,6.728525430011942,0.5329648897180337,-23.48899463591115
Dinka,-7.582882190102665,10.191183784417934,3.7581893468273133,-8.719784691851963
Altai_Neanderthal,-10.532703333596064,5.04593455571366,-4.68912301017712,-5.5784529585305735
Denisovan,-6.380087634829415,-4.530243438547878,-8.853005395954845,-6.615056939103999
Chimp,-5.472785475477995,-1.160031995340879,4.595218534323904,0.14519209211349157
