tipNames,x1,x2,x3,x4
Ust_UP,-8.278222102599576,12.893649750554008,12.315610018919386,3.0875984689480207
Loschbour_WHG,-8.876542243959124,11.818665621793677,11.030371345412346,4.077418070795436
Bichon_WHG,-8.284787267497448,12.326197194000931,9.689657280492915,1.8702524941564127
CaucasusHG_LP,-17.779010213017774,26.64492161698901,19.026756660742844,-8.117473543353583
Sunghir_UP,-13.766469943779008,18.956977159115937,18.404183580297953,-1.9789155406445849
Kostenki_WHG,-14.035385747255999,21.542209004645915,22.18401802540654,1.4536647564363752
Yana_UP,-8.222558461092529,11.921739456221205,7.512634083805129,0.9051765893736368
MA1_ANE,-12.066889820108472,14.489189703915585,17.138722584912152,-3.1136247943333824
EasternHG_M,-9.992049681311958,14.49495621073302,15.352422361419972,-0.22778863294508955
Dinka,-8.703222636920517,11.096770420191406,10.115020296180639,-2.057513630363761
Altai_Neanderthal,0.26151921226917035,-7.387519579986874,-2.8911135821900285,2.2353856273865462
Denisovan,-21.130492645055764,20.049399211639887,22.73930388481576,-10.361245180963898
Chimp,-3.99879785403715,9.780156210999646,7.3890515774219026,-4.694818955582236
