tipNames,x1,x2,x3,x4
Ust_UP,7.997973993474454,-4.684680858563166,-0.23569473320035061,7.4106148362873485
Loschbour_WHG,7.668554511841879,-7.1136132470056594,2.181538381867154,5.129284341154003
Bichon_WHG,9.62155021865525,-7.962240365376877,2.1462203681145464,7.255405838472617
CaucasusHG_LP,23.29889439066185,-25.145181241397204,-22.61569717056635,12.96653957468514
Sunghir_UP,10.581346753716566,-9.74445038735744,-3.5931440744547034,9.803447202451249
Kostenki_WHG,21.466995627188318,-13.25461690069055,-8.996327473247813,18.41645017573104
Yana_UP,8.780123062122376,-5.490490750148747,-1.387922092906138,5.467163324486694
MA1_ANE,11.254355546808643,-9.902399988488309,-4.32862006842718,2.8310634658938723
EasternHG_M,20.496864924244377,-16.076062934743703,-4.666460433416608,18.178883500787382
Dinka,7.1195500682905815,-5.626016998213632,-0.757725030754129,3.4389369273342334
Altai_Neanderthal,-7.643610870700916,3.117374075076555,11.067120737316316,1.1330281761069187
Denisovan,-7.805039582224671,11.240830932477406,19.787200218031508,9.812220456567088
Chimp,-2.4113448804386866,2.8336924205395793,1.2291018097846491,-0.20802317290575123
