tipNames,x1,x2,x3,x4
Ust_UP,-7.3557328963142385,6.579291973826549,6.089148109712589,0.4775803650351328
Loschbour_WHG,-10.985588742547003,9.264933770591883,11.125821526325488,-1.793725615788631
Bichon_WHG,-10.946067937959514,11.064985378785625,10.607745868000622,-1.1996565512469943
CaucasusHG_LP,-16.117211904260557,14.007321762644262,15.12534647709575,-10.224475302201894
Sunghir_UP,-3.852622381171075,1.3365032552931724,2.211902542060051,-0.44323513624560507
Kostenki_WHG,-26.612271776938677,26.161751380850337,32.21999604360983,-16.082344619256506
Yana_UP,-5.491792752687754,4.7556636682127404,1.0684588495451235,0.993876269908238
MA1_ANE,-0.010202211411224127,-1.6824942113737817,-12.735345913775323,0.5902971009754658
EasternHG_M,-1.5377556728341935,-4.438782627869138,-2.0482490552871644,4.8256810514820065
Dinka,-7.056128897559129,4.841882752447108,6.00168159178833,-1.001529954632415
Altai_Neanderthal,-0.38154330116593727,12.962851603642267,18.62883265313866,7.955483461704525
Denisovan,-1.4705900131047391,7.306707125524632,4.778516215418401,6.229680140819658
Chimp,-7.318985869223113,2.621497692849462,0.14812395657780328,-3.283597943917672
