tipNames,x1,x2,x3,x4
Ust_UP,-14.784487518027495,10.33080356380784,16.149995740890585,-12.762697532424273
Loschbour_WHG,-18.17241695515705,11.15568372783641,18.212199481569563,-13.91647326419658
Bichon_WHG,-14.124075071135639,6.715723603397837,13.591873157000164,-9.372814556519126
CaucasusHG_LP,-14.907374096703625,9.965808685333753,10.939341578995531,-14.968149556693636
Sunghir_UP,-14.762162585351955,8.1899134628691,16.163080822402836,-12.866480807545564
Kostenki_WHG,-8.371528647691022,5.670349472823516,8.73151657421748,-4.527308716571078
Yana_UP,-20.09857784992942,15.490884662251204,24.46893240662588,-15.373105280001624
MA1_ANE,-12.157123664443164,7.683476261880564,8.528838373951176,-9.685413593832292
EasternHG_M,-10.653220116967066,2.5184517481073367,14.03286655287344,-4.7746169175494355
Dinka,-1.5125273041237763,-1.3512494108251434,8.635228381698573,-5.680759777667865
Altai_Neanderthal,-2.9314166920494316,-2.6948726160868923,1.380269527007984,2.6552520791072487
Denisovan,-15.303162493109035,12.963278699179343,23.684666842075227,0.45044993441049797
Chimp,-3.9454110792005013,4.292135891934817,2.775676717827178,-5.0763642328418985
