tipNames,x1,x2,x3,x4
Ust_UP,-7.931045702416813,7.182154632989572,18.070980529459263,-10.142059364203845
Loschbour_WHG,-2.4808485983079915,7.183327493969936,15.780710851432026,-6.910433816065598
Bichon_WHG,-3.7570907286327353,8.393238126726747,17.37702259038092,-5.522509419378131
CaucasusHG_LP,-17.86393388834192,19.773708005638472,21.525685951299153,-21.02175859031648
Sunghir_UP,-6.755443676960856,9.656160808894473,19.724465714134883,-9.979254874567367
Kostenki_WHG,-7.982483230151956,3.2149935184447234,12.012982505780332,-14.006786443908544
Yana_UP,-4.265887750912476,3.926277943585095,15.50317523329174,-9.719030524659532
MA1_ANE,-5.561461067055721,6.786847754155806,10.457831762187414,-10.389147501614634
EasternHG_M,-8.026703027407525,8.179478670014026,18.732507936110856,-13.654319807858979
Dinka,-8.023701990021753,7.73424104133938,21.821562582742168,-8.735673157531949
Altai_Neanderthal,0.3799995683342985,5.522422042640811,7.002446842461339,0.9949461260020271
Denisovan,-5.366459385443397,7.657080023783237,9.599510620918341,-12.656936019519769
Chimp,-3.5938956337217123,6.925911284422421,4.166797494810844,-3.62041783195651
