tipNames,x1,x2,x3,x4
Ust_UP,1.5800074022883321,-4.329590081793781,-2.11990734180509,1.3171084455271196
Loschbour_WHG,4.645097464593781,-6.091067142820158,0.5005678732687827,3.400469291504419
Bichon_WHG,4.456319308067573,-7.650683406372496,-2.0668684399716195,0.6763620943189435
CaucasusHG_LP,-3.9031339018105085,1.3231243734303222,10.189011251989546,4.707727568661065
Sunghir_UP,-0.7763933020412439,-4.291810803830608,6.508030605553614,1.1151442519404018
Kostenki_WHG,-4.073186480047614,-1.6969970446290166,6.871069623419945,-3.79030236214054
Yana_UP,-3.6916596384696496,0.4124844622728516,3.8574405392303035,-4.618761245576137
MA1_ANE,-2.6167813773570145,3.597030377356985,3.6776462241237162,-3.4357410936570973
EasternHG_M,-7.759875381615727,5.331938919243519,7.176720428200412,-3.669483307309089
Dinka,-0.23894987650182387,0.19789255248917764,2.6235638121867417,1.110335182807769
Altai_Neanderthal,-15.25972133994684,2.54025362295693,3.2490543005516277,-9.644287146603418
Denisovan,-8.199945959368206,2.900421440072634,-5.9880726881410595,-6.002267023356319
Chimp,1.291710419032185,-5.339069518896281,-4.68115473984481,1.8088305428501867
