tipNames,x1,x2,x3,x4
Ust_UP,8.971892605486975,-4.768282996450241,-8.957087613225312,3.146777610905549
Loschbour_WHG,-0.9494403553353135,-0.06821791285068513,-0.9616709773941239,0.9458064855477081
Bichon_WHG,-0.9312998384991393,0.2214247212772138,-3.5227645548523094,-1.7118299475163443
CaucasusHG_LP,19.848547703100753,-13.51283876181737,-17.453384685758373,10.591745070038069
Sunghir_UP,9.693661684238993,-10.341327251874404,-10.561367586651768,6.907877790093825
Kostenki_WHG,5.161910130436536,-1.671310123217454,-0.4990315814241626,6.818335189736066
Yana_UP,6.736267658171698,-1.5068209433792341,-6.734792386984371,3.101714239706318
MA1_ANE,9.938886252956964,-9.856428231811549,-13.139283162842178,8.969937559756858
EasternHG_M,0.2537766629935545,-1.2072085515563211,-3.761819566101167,0.09357709608748799
Dinka,2.8494588047618854,0.12073412884989487,-1.4898252284837064,1.1505344541916709
Altai_Neanderthal,1.9170535358369571,-1.9935663030614836,-2.9629648680225853,4.07396741465421
Denisovan,-6.237469918756534,8.069937445376869,6.240565185407769,-6.219099007293059
Chimp,10.283102507403196,-9.571029580440609,-7.09133017299925,5.731120956757605
