tipNames,x1,x2,x3,x4
Ust_UP,10.48672985481041,-6.151533053165344,-2.840909075265821,11.19857119134689
Loschbour_WHG,14.238468669890953,-11.693166257815427,-8.92508679708817,13.326872027544201
Bichon_WHG,11.475685073911416,-8.159054337416892,-4.939355269686089,11.658316327016475
CaucasusHG_LP,-10.743705053428421,16.44517756941481,22.392652157963404,3.6370242912918664
Sunghir_UP,6.5748135421889184,-1.224558811390764,2.9196721320408456,9.55425180745687
Kostenki_WHG,-1.3415976007021886,5.55457492530922,-0.1684432577591568,-6.1769186292595695
Yana_UP,9.357100453783383,-5.636697501697597,-3.886548198833052,7.970690682689279
MA1_ANE,-2.375950844503185,2.2855045757614914,9.004661234700848,0.44589937603804763
EasternHG_M,20.217598561207502,-17.745025812632132,-20.496070937200237,21.886355727659044
Dinka,9.914131052466363,-3.22847904539075,-5.389720669825465,7.100450319739035
Altai_Neanderthal,10.292470110837847,-6.53716747905605,-13.31448400701837,8.190480282870912
Denisovan,-4.180229278509971,8.692107691038524,4.192263800857889,-5.563803559733746
Chimp,-1.3093775359830735,2.023019660845687,-1.7525332438243915,1.4583999997984587
