tipNames,x1,x2,x3,x4
Ust_UP,-4.773323697069795,-0.490664790789483,-1.684637701686478,2.4327505937071088
Loschbour_WHG,-3.0438020572581,0.8467954325328044,-3.69140042597605,3.166397805861778
Bichon_WHG,-2.7682317160925063,1.6526331410835788,-3.250254711791538,1.7920769681722306
CaucasusHG_LP,-16.626736940817896,17.183142436783378,5.694717202970828,-3.8976866400617594
Sunghir_UP,-10.873880219419087,6.378161102207736,2.132325009064852,0.18326947013779016
Kostenki_WHG,-15.053170299397447,5.494601388517506,-1.8166390838171826,-5.612749451218395
Yana_UP,-4.822497323665141,0.6159695566982408,-1.054697936748569,3.960794604540689
MA1_ANE,-10.164781945872651,4.920575695618515,3.9402745675091086,-1.7933884375869051
EasternHG_M,-1.6506437512423728,5.141875037052119,3.3017836659372533,10.963884338477907
Dinka,-4.994063677790984,0.8087610291055933,-0.6251260504415259,1.4559846706511852
Altai_Neanderthal,-9.038364349531449,2.654005497516841,1.7713778192802858,-7.5373083463773805
Denisovan,-15.110215866041377,9.20960565637493,12.815233407060054,-4.432327444230921
Chimp,4.887072673301293,-3.544337107149477,-6.371739896978104,4.6901955732161476
