tipNames,x1,x2,x3,x4
Ust_UP,10.183221869399597,-5.631040170040743,-15.474745573460087,11.261347724528859
Loschbour_WHG,6.1203583237999455,-1.151574178057648,-5.492492374428531,13.956961238614905
Bichon_WHG,3.8918076735902116,0.3570416683955209,-5.952038693883753,11.388074796347395
CaucasusHG_LP,3.9329734279042654,2.14749102620837,-11.494766695456873,4.061425124788993
Sunghir_UP,3.747763423143633,-2.2799693759760635,-9.748698449587161,9.696172389829403
Kostenki_WHG,-6.014573178797015,11.953327389329951,11.641528867156666,7.010415324512765
Yana_UP,5.245629491664047,-2.0179753983645576,-7.205455054194852,11.897839271534568
MA1_ANE,1.0088361460850273,-3.4974140326658887,0.4786173811280978,13.340319029331042
EasternHG_M,7.491016606810926,-3.055228126063002,-7.970774824871517,11.589090923350634
Dinka,11.771014353223478,-7.465743677182065,-15.482586199940139,10.723574651869425
Altai_Neanderthal,18.022642314032858,-14.300820036274846,-7.621428302342577,14.644885079920371
Denisovan,11.258232355945351,-1.6716814494454324,-8.010362286625687,17.31960465262151
Chimp,5.8204125516848455,-4.589688487872478,-5.262825222086218,3.3618236043325727
