tipNames,x1,x2,x3,x4
Ust_UP,12.133017076201918,-2.2255350218590406,-1.1777197533001011,2.50309730475405
Loschbour_WHG,6.143149795570489,-0.7205874856282866,6.4620844556483465,1.6239341094502229
Bichon_WHG,-2.0356931040356447,7.810464605830514,14.299714994557227,-2.26663617090487
CaucasusHG_LP,-7.978194659539584,11.004629891370806,23.698257907309205,-10.576851152084583
Sunghir_UP,8.245471370415348,-0.49872742355881305,-0.710322440123734,-0.4636435702350242
Kostenki_WHG,11.052081876514979,-4.993198270704296,-0.5009579222810365,-3.3389351099335394
Yana_UP,4.397651805485681,1.2275299714277068,7.169773606300176,-0.7710954968275956
MA1_ANE,6.831097248073728,-0.5058812448178922,8.815088379124468,-1.5465922957783782
EasternHG_M,2.8563331759355934,1.7502622683962026,11.66967926238852,-4.034210840214639
Dinka,6.443393656101341,-0.5192754122365839,1.9737280102999426,1.0404659034700532
Altai_Neanderthal,25.195323375374038,-12.366353806886524,-19.04687899350736,20.86427344366338
Denisovan,10.127458449161294,-4.141240744121828,-5.873844655071456,6.338973764149334
Chimp,5.49279885594299,-1.3403940606163254,-2.9808784363536294,2.458094686643753
