tipNames,x1,x2,x3,x4
Ust_UP,12.135642759904648,-10.08250786843885,-10.596452226895355,6.156279859295734
Loschbour_WHG,10.2342142470352,-6.977485154252477,-8.508027419408997,6.511437012084972
Bichon_WHG,13.998192889324237,-7.210317529461303,-10.922853512340769,7.171222851858694
CaucasusHG_LP,16.362655441129224,-14.19830416986617,-10.864692597295647,3.312230107089375
Sunghir_UP,8.537792328391708,-7.406771375943485,-7.9261041355148905,2.64460402469303
Kostenki_WHG,-7.202102377153395,10.854816175242636,13.538297053920124,-4.924355332349764
Yana_UP,11.127989993085821,-6.801447256815932,-8.126554186081218,4.766623124430405
MA1_ANE,15.598216358764956,-8.522666862950267,-17.805754164358838,14.136912255027676
EasternHG_M,5.144095107438363,-2.6260847418696427,-5.78630061923316,-4.136494905016308
Dinka,8.2316446039201,-9.431196234288235,-4.706067037368097,2.4219209752796607
Altai_Neanderthal,4.839436668904106,3.0058425791282053,0.9118284870641795,7.678854188443071
Denisovan,-15.740789403472832,5.217340167499126,18.57835788931456,-16.713627240418468
Chimp,-12.845769624535013,11.485462248061468,16.77579748181144,-5.369258975995128
