tipNames,x1,x2,x3,x4
Ust_UP,-1.5338685357215915,1.9292209360437413,7.039797904894363,2.5668006243983097
Loschbour_WHG,-0.9937524220998297,-1.1297956286353399,2.351755242858793,-0.18614726424518846
Bichon_WHG,1.6981723455243645,-3.4838354958541635,2.6817372944357523,4.843351119776037
CaucasusHG_LP,7.434751485445666,-4.87786023327757,0.14045572694194997,11.580822942050977
Sunghir_UP,-1.1413047384653836,-1.8749382519837057,3.165409034913898,0.33666309581601234
Kostenki_WHG,-12.328608677944777,6.089263772822955,17.02474905046563,-1.3310324442423869
Yana_UP,-8.57820907974622,5.1870111008731135,10.53796357472347,-0.7263271006691109
MA1_ANE,-21.376087710811415,18.121128126144242,23.4568380111241,-19.89119870737634
EasternHG_M,-3.2277814880025297,-1.276827278896409,4.194471344576231,3.3828944840080615
Dinka,-3.8628742942913696,3.009862049704675,6.811192257195755,1.7085854998348775
Altai_Neanderthal,12.667571098369697,-19.224450975826276,-14.901169587924882,3.4500165310671935
Denisovan,26.433997532758774,-33.55086939110083,-26.1732705736934,20.904298599675187
Chimp,-16.807777130000456,9.744235237616605,19.65482200685429,-10.883453997340666
