tipNames,x1,x2,x3,x4
Ust_UP,2.6388077982381946,-3.9879956570775033,-1.1279103386311116,-1.5728210551732316
Loschbour_WHG,-0.10380406488615357,0.7168236594886079,3.0525207808988943,0.47679011293878437
Bichon_WHG,-2.478092921515558,2.588955038839373,6.625734369839285,-1.340114316259776
CaucasusHG_LP,3.9473762372964374,-1.0579590108154813,-1.6814520509857003,4.128805567513519
Sunghir_UP,1.9078333529167608,-3.629159446318577,-0.29769901597142234,2.0809721061470245
Kostenki_WHG,-0.4950871417977827,-3.6423565189145983,-2.242661080910805,-1.2705529580841977
Yana_UP,-4.714246607092239,2.4197014778985233,4.30944631466224,-3.209805623417453
MA1_ANE,5.718537709076745,-4.6477675535918355,7.924191585700067,4.2829390914474175
EasternHG_M,5.678988325906757,-6.818283490166437,-7.347738074334504,4.18719738748596
Dinka,2.9779586056223972,-4.3301026822985875,3.3504680702727603,-1.7718958525840633
Altai_Neanderthal,-8.490681404962812,16.129291661541817,12.749971028462856,-18.270432020600907
Denisovan,14.645037054293457,-12.427745026136805,-14.48006197689561,-1.2366980104739014
Chimp,14.945600577130472,-13.462263286853677,-12.178205933132443,8.418602861717288
