tipNames,x1,x2,x3,x4
Ust_UP,4.572151921544731,2.7117837874929043,-0.37238007761397784,-3.718884510453406
Loschbour_WHG,5.898463559345714,1.4680960012637234,-4.305341491448146,-2.2284260484875404
Bichon_WHG,3.2079762685406408,4.854573658407639,1.0539037451619575,-3.4018266721376715
CaucasusHG_LP,4.958680319134674,9.827875770208317,8.297149211218315,1.3529157249430672
Sunghir_UP,3.4631969471689557,4.432525427099864,3.046387354345195,-0.8068395879673036
Kostenki_WHG,0.9032877431152944,3.7238101605160683,3.7386878300998214,-2.72961773562831
Yana_UP,4.108249250596749,3.7550319352225663,-2.131692013447973,-2.5104860981810493
MA1_ANE,3.1450333880477785,6.233560515457812,-3.2422272714672404,-1.8233872587086632
EasternHG_M,3.55757877582453,3.3587345457499973,1.9274423704697274,-3.011425529649438
Dinka,1.919612732197037,5.041231554469889,0.869998318063609,-2.6364606202743994
Altai_Neanderthal,5.445569827941123,-0.6641193700976125,-9.618287249952184,-5.231076729703826
Denisovan,4.642316505815659,-2.940250925996857,-9.583612924944976,-1.3357878277252624
Chimp,4.763488767054515,-7.883753154411137,-6.563335595608084,3.16491166996168
