tipNames,x1,x2,x3,x4
Ust_UP,11.983488874886302,-10.546494864300826,-7.974010383927564,7.248607769560127
Loschbour_WHG,5.714424704564902,-2.7514222983036287,-7.525467446067005,0.7780049575093273
Bichon_WHG,3.4757366283254476,-2.31007456405575,-4.837003342639621,-0.20145420946659365
CaucasusHG_LP,7.524626530280566,-6.6769723307357305,-14.217402462686461,9.769063879578262
Sunghir_UP,5.7786285126794805,-5.494295918630488,-2.330507758543498,1.8177622958214648
Kostenki_WHG,8.69605649588875,-6.451799890512253,-1.6894210915289776,2.057339780331039
Yana_UP,10.263065455707828,-6.458347144204773,-6.151202771091368,6.495085947689835
MA1_ANE,15.659646640389989,-16.46633951673552,-15.21325607551027,5.6408039556822525
EasternHG_M,6.901835902297039,2.780365675949719,-1.178967440748214,-0.9033222321097663
Dinka,8.8046657389721,-9.584592361186333,-8.992803035982451,2.568342172303563
Altai_Neanderthal,2.8015961219814454,-0.7231754168253808,-10.139932895263504,-7.2879820579350305
Denisovan,14.450783612446141,-20.38067321586868,-27.059590073367133,6.146367015901874
Chimp,-0.6857003249583417,-3.5304700894179675,-0.5625368315256489,-0.9157326607747706
