tipNames,x1,x2,x3,x4
Ust_UP,5.513078395670869,-5.849810673883878,-4.550547685354499,6.685939878184321
Loschbour_WHG,5.290258749576136,-3.0859905252937985,-0.8640937331545836,5.242051029058754
Bichon_WHG,6.3937780689266885,-4.786441794279741,-4.731103978318308,3.5162987925896934
CaucasusHG_LP,11.248377002827404,-7.26066969583236,-7.4298659100068765,7.1632853757289805
Sunghir_UP,-1.1147261180501689,0.3620355165907687,2.403413631723926,4.414062906267949
Kostenki_WHG,2.4081722723136156,4.688003897889603,9.171926667340461,11.866146881304829
Yana_UP,1.0510314567415178,1.4969169246662117,0.28703108108214825,3.917640886789645
MA1_ANE,-1.351199562141025,2.448501533065362,-2.323943826663974,-5.549101622237724
EasternHG_M,-0.5956959507341182,2.854296034866544,0.3939812469089107,6.822440227502744
Dinka,-1.8202433051763753,3.0088760353481487,3.4508082852382755,0.7049268475437525
Altai_Neanderthal,26.228480466521688,-23.847167765135527,-19.568918816040693,27.50223118164054
Denisovan,28.049831966775805,-18.91500774677692,-27.91146498601431,12.863399831337704
Chimp,-3.057660283536103,-0.5579065915859649,5.177153711115116,1.8620540671726045
