tipNames,x1,x2,x3,x4
Ust_UP,2.0623547432173774,2.821084855334438,4.816416977905828,-3.076563551106963
Loschbour_WHG,-9.291521764867028,14.531384591263402,16.43020676107098,-9.3066546344783
Bichon_WHG,-8.401665451244632,13.58700623493785,13.44058599221362,-9.188726301526163
CaucasusHG_LP,-10.566143716076905,15.867474030734623,20.565286091693515,-8.641580314786388
Sunghir_UP,-0.6243009119653857,0.7488930883733034,2.826636707319611,-8.991466540082712
Kostenki_WHG,7.832262659092384,0.5938916882816481,-0.4403670445819827,5.441834672042363
Yana_UP,-6.703642621731849,11.810518262405076,13.901167744942143,-8.496866107990225
MA1_ANE,1.6700266231292504,8.612576740173692,0.9484964752216172,-4.968956914734247
EasternHG_M,7.34838247735499,4.636885576001473,8.709889757655167,1.166583403819752
Dinka,-0.8828962994435697,2.202420281631159,7.116678104581513,-6.019095961536465
Altai_Neanderthal,6.739918577476572,-6.589976719933731,-4.798198946441272,0.1927162865497274
Denisovan,-10.471142132589636,6.713798667102006,8.453019302015607,-15.391569254794948
Chimp,-0.2738087950664438,-2.29959183956026,-0.5496049012529993,1.1876508157298074
