tipNames,x1,x2,x3,x4
Ust_UP,1.2471394410874068,-1.5544159440041037,-1.6365428255897205,8.209714853221126
Loschbour_WHG,4.304277778446314,-4.278302907832028,-2.7823262500035773,10.17648255061563
Bichon_WHG,3.2597443832721007,-5.162298161903532,-2.634397765034975,10.939707345248664
CaucasusHG_LP,8.687427203350095,-11.6870159624491,-9.710146241315835,12.595490787876594
Sunghir_UP,-2.186947467102551,-0.012414565677489775,3.6200059279171786,8.13420729987344
Kostenki_WHG,-3.6844800504116426,-2.195582601752656,10.402265452663503,7.484549123381871
Yana_UP,-4.648142693842464,2.5545963584336424,4.907558469707859,4.526904159601067
MA1_ANE,-3.7488473067691057,0.5811306280381645,5.210545462616938,9.698141553936722
EasternHG_M,-3.0310676315104335,7.399572952178676,11.40775567160155,6.431464073724669
Dinka,0.2567451268689174,0.18200438241888528,3.4191188984854626,6.19872381592896
Altai_Neanderthal,-3.6840122667353725,-4.032976131645972,3.605690270611632,-5.846571581388641
Denisovan,-22.29648796474613,16.694621409465682,17.928097156605183,-12.45749671567753
Chimp,6.942897537260412,-6.206681765964991,-4.350297594979948,5.914428509447674
