tipNames,x1,x2,x3,x4
Ust_UP,-6.412406802776606,9.668143016137208,13.785111569211445,-1.5800095376913392
Loschbour_WHG,-11.190507464127208,13.205500128080153,21.1922730850378,-3.1152890075632844
Bichon_WHG,-12.64003491767426,15.363308648367495,23.459975043333696,-3.5431627999485396
CaucasusHG_LP,-24.631688794890877,24.71899311038399,24.8454714985887,-14.84078626541181
Sunghir_UP,-10.964910119531966,13.038791244911724,20.656130063862854,-5.615200662124412
Kostenki_WHG,-9.009705648823386,16.05478869240465,20.110567182950202,-7.950240026734267
Yana_UP,-7.281144846354146,11.060742766156007,16.301063062326225,-0.5551045524770665
MA1_ANE,-3.9013232981568775,8.456226148730543,16.83818778713941,5.0273085135464335
EasternHG_M,-12.501406362780504,16.562279423044167,19.770223365951228,-0.9710352085009523
Dinka,-8.351264082091747,9.680292848543633,11.264387535624486,-4.428815464238206
Altai_Neanderthal,0.8146972065944227,2.3192145828434994,6.76613534817713,-6.994891791554934
Denisovan,-9.987488268582165,7.709036892514925,20.555963908606103,-9.960162018079204
Chimp,-8.43612846355494,10.785789612796826,12.23652322687524,-5.306585561579822
