tipNames,x1,x2,x3,x4
Ust_UP,-9.063665535301814,2.425868132444028,-3.0322530674562875,-1.6497178081484667
Loschbour_WHG,-1.7578401333692875,-6.883083942893023,-10.760250543432667,4.00439382628603
Bichon_WHG,-5.827737266824781,-3.2246881525761486,-10.580809485927585,-1.0863495303582136
CaucasusHG_LP,-2.3203536273414542,-2.2494911294334194,-3.5665453901120534,9.0134150091602
Sunghir_UP,-1.587479297896902,-2.4780431575568924,-7.018969498425643,4.805922799380422
Kostenki_WHG,5.993731186641443,-8.688449271823327,-16.650372261053263,4.188361246757372
Yana_UP,-2.253773731846837,-5.9381181545639805,-8.208708062475404,3.6234916223350506
MA1_ANE,5.3715652147706585,-5.895678824813611,-16.69397455258072,-1.5189941839484844
EasternHG_M,-13.605873384184818,3.3503531185773596,3.103829530386829,1.0968036249948216
Dinka,-6.01218447182684,1.56496932262252,-4.509099922635335,0.21477937674744363
Altai_Neanderthal,9.277732953093984,-6.207979043429079,-13.16593652864405,9.24835656120035
Denisovan,14.390761241959165,-24.213715926109177,-28.25665927290299,5.604401973754921
Chimp,-5.47878685291507,5.642032122695889,5.575914972341098,-4.492291179751847
