tipNames,x1,x2,x3,x4
Ust_UP,-10.947168909256103,9.265733944610092,7.254587970163129,-10.136595465103694
Loschbour_WHG,-10.849335524509529,10.581755763788472,6.8217535996268985,-8.34010863918109
Bichon_WHG,-13.141259223494938,14.044948220727434,7.580185051788883,-11.767220015206359
CaucasusHG_LP,-10.32171887343196,7.767019310623735,0.4152458577942384,-13.412725229732398
Sunghir_UP,-6.228827312180169,5.90381453867683,3.557856294959846,-7.0742018060599285
Kostenki_WHG,-14.48399456550545,14.384410504134586,13.835529327696866,-14.693238839154635
Yana_UP,-7.523334082623178,7.129672821185013,1.441121628249209,-9.414490283613063
MA1_ANE,-1.793751361145985,1.1787845087531528,-2.9966284475180514,-2.65846135268362
EasternHG_M,-9.897401192054662,10.917717861031486,-0.0866951095245736,-9.52650251155568
Dinka,-3.631586632735708,2.8159653283996358,0.7418517723561342,-6.030441128045419
Altai_Neanderthal,10.959908975382213,-9.491707095853856,-4.072979521218542,18.40925116733752
Denisovan,-10.161172409746765,9.051630437007745,15.46315740621689,-2.432554217251737
Chimp,5.28496188594,-4.731190509173444,-6.375411150664451,2.2182484398963367
