tipNames,x1,x2,x3,x4
Ust_UP,10.042560786838552,-3.61425724188116,-8.733187907211008,7.72659503591306
Loschbour_WHG,8.366043781011124,2.062599048389714,-8.062400990468777,3.325454942860217
Bichon_WHG,5.854993731816461,2.9886305778805475,-2.0278856008788413,3.0213872479891477
CaucasusHG_LP,12.11450551890301,-5.846094032425722,-17.623583989746052,5.081125591359264
Sunghir_UP,14.066713036670116,-6.772478035985308,-11.84248298863078,9.27206219083546
Kostenki_WHG,7.253654686847947,3.1045157409635147,-1.489366735728594,4.25624973914249
Yana_UP,4.63581391843345,1.6431275821849303,-5.551063031070311,1.2567979380785985
MA1_ANE,9.298144869291031,-3.7942594816113555,-12.166971361148978,5.448716599767388
EasternHG_M,14.186570587460437,-7.265718694764484,-13.803378475996762,16.304493425443393
Dinka,5.091184337545319,-0.9701735050612169,-2.764682555846295,0.2852782396084016
Altai_Neanderthal,-16.067838579995012,15.842840467380153,12.1185894065774,-11.503242755594025
Denisovan,0.4113440486346338,-3.16815308137266,-10.664897784673375,-4.608440868981474
Chimp,3.666140372725622,-3.3717333563406324,-8.549789199803964,-1.6708851279701347
