tipNames,x1,x2,x3,x4
Ust_UP,-4.477580429735527,8.95970249786785,6.471120626401873,-1.390233135538896
Loschbour_WHG,-7.169345159839384,9.31798939690129,7.53653154232215,-4.361241232934534
Bichon_WHG,-7.683629556745613,9.353280813489327,9.596389835494184,-2.765812632811063
CaucasusHG_LP,4.969194511349411,-0.08974032090437234,-2.1717864019685944,7.675818262738321
Sunghir_UP,-4.1665771085505945,6.823795396923271,1.5427002999183683,-0.03264388990286804
Kostenki_WHG,-7.419899560888389,7.90699283308973,1.4324768071379603,-4.489319377449489
Yana_UP,-7.759449393843662,11.16714689557231,7.011452584708038,-3.4312866861522355
MA1_ANE,-13.274896456445074,12.025791048098325,12.318798066221907,-12.177870968363292
EasternHG_M,6.264283778436727,-6.2818048462936655,-6.100846823642817,8.707053748337014
Dinka,-0.4117828746287975,6.344452797161127,2.9926700526110794,2.769633220945404
Altai_Neanderthal,43.915408568514174,-39.54898798115967,-49.49660204063256,26.649610968984746
Denisovan,8.135760137358696,-7.532403331815059,-21.364168820598703,-7.430562579915456
Chimp,1.1212569261830074,3.300471950101002,-4.11706104952328,-1.5686380362469472
