tipNames,x1,x2,x3,x4
Ust_UP,-4.941783007429801,11.156249242437026,10.771911930596934,-1.134543137419294
Loschbour_WHG,-7.796384672608095,12.797425222180038,15.073372911912019,-3.0709581244518676
Bichon_WHG,-2.642794626642327,9.086002759357566,9.748982559502098,0.048671478258805134
CaucasusHG_LP,-26.666275054117623,24.273641760945473,33.29056377934135,-17.36129868893168
Sunghir_UP,4.773053244685702,2.868145478518214,3.9832658050177985,3.0262462034540953
Kostenki_WHG,12.664990603542506,-10.089378235059296,-11.149013417491362,2.723270107515856
Yana_UP,-4.171355728663456,8.486848301145155,11.54767581285987,-1.3383760611923905
MA1_ANE,9.34033935485714,3.6105446143234894,2.1725924708008986,11.103963993464298
EasternHG_M,-3.1118876268576323,13.61635260912713,18.864880294148893,5.128110238526947
Dinka,-6.3891201937400535,10.483996430224817,10.35051081507796,-1.72615680356153
Altai_Neanderthal,-22.13244419079156,31.375590239750398,25.39865103534539,-13.74127155711404
Denisovan,-11.535038299900673,14.632582498733372,2.817364480903594,-1.4097057354979192
Chimp,-1.2153788503165555,-0.8993355084256464,2.196293868598966,0.7184699053325141
