tipNames,x1,x2,x3,x4
Ust_UP,-13.818178113560474,14.519288859492258,17.34770430092941,-9.444074802903842
Loschbour_WHG,-15.42818065555244,18.958590894700624,27.058446484464756,-7.4156608697924336
Bichon_WHG,-11.834985814127394,15.849330417577557,23.743628689007867,-4.4394912407652125
CaucasusHG_LP,-9.519026232370942,10.856242970566488,11.74118849919018,-13.733267634052885
Sunghir_UP,-12.860717273611193,13.188233247176088,17.84379250845876,-10.61229283342873
Kostenki_WHG,-23.608298595586888,27.01478704957598,31.871067903273214,-15.56349014522862
Yana_UP,-14.23326253727796,14.593420107966871,16.545750330856784,-9.596715977749383
MA1_ANE,-21.658522446821223,16.25978971039447,20.55595157481427,-21.113841255697167
EasternHG_M,-22.268871521961447,18.756218478847206,30.611279263625697,-15.084460970043935
Dinka,-18.07581522911142,19.632533779737095,22.549829873704606,-12.607916404796365
Altai_Neanderthal,-7.126950283033807,8.5533760043772,-2.517188249538341,-15.0031985460244
Denisovan,-12.363147353533428,7.425878139530769,8.941392093650704,2.8640261543871595
Chimp,6.935758018079182,-0.8296694177326838,1.9642927943277817,8.145297940606849
