tipNames,x1,x2,x3,x4
Ust_UP,10.677962454121971,-17.32363723774558,-13.761042942322398,4.398202533440206
Loschbour_WHG,10.039682250217147,-16.758094783585832,-10.935482305879649,5.448368598836531
Bichon_WHG,10.453652122748476,-15.094574359368789,-10.030430804830623,6.091767596520291
CaucasusHG_LP,19.056828335196656,-19.730264541638757,-16.66311561817516,4.12408966544023
Sunghir_UP,16.699450982531165,-22.084754819914277,-19.35740198531046,6.567606803083592
Kostenki_WHG,1.3447536941707376,-5.271269224020237,-3.8393662560304627,0.22274937492172864
Yana_UP,14.81105345109685,-20.54879059438701,-15.747527750220993,8.35845550160491
MA1_ANE,11.31519023966607,-17.87365399209711,-16.386887874694136,7.612862621181524
EasternHG_M,11.680212743510912,-15.670054355965533,-6.289414248841787,4.469311353963783
Dinka,8.426686657645007,-11.163007897798515,-9.472539209045818,4.991058091940899
Altai_Neanderthal,-0.7476755587534529,2.808618358621196,5.25052362436891,-0.16031721033381885
Denisovan,8.936889756906304,-3.568975532529117,-0.3342706473100616,1.6563436719262277
Chimp,5.737243562185499,-6.969267596889827,-4.216132913584792,7.5927326287094745
