tipNames,x1,x2,x3,x4
Ust_UP,4.540758282177192,-7.441460806784743,0.7500202735574808,5.206663562378296
Loschbour_WHG,6.296692465803627,-3.8731065529644453,5.859801931314771,10.291046920176903
Bichon_WHG,2.712630737829845,-1.4727880797478416,6.846075619665448,9.740261873245977
CaucasusHG_LP,3.1860443409313666,-11.687757659008405,10.068630952251683,9.113828311794073
Sunghir_UP,12.406205793431498,-13.82446497863475,-5.591186577065629,10.92426705979297
Kostenki_WHG,8.557369902609338,-2.535223401196694,6.034443165278658,7.98985332791266
Yana_UP,9.168021187515889,-10.746843960332365,-1.5962414141758903,11.804404015184971
MA1_ANE,5.745531144269174,-14.576398293143871,-2.751801844655281,13.16873148607198
EasternHG_M,3.0859992996844197,-3.7048900950034342,9.554923142494701,9.886345478619461
Dinka,3.888234282264107,-9.150355652562551,-0.41794527166359263,3.9662771784572812
Altai_Neanderthal,-6.287286956375647,1.5442079736375147,7.571366128360971,-5.785143519712857
Denisovan,6.29520226669926,-5.371814737039391,-4.612364924976498,12.742376189606356
Chimp,1.6995429983676504,-1.8465261899167649,1.8909850734870821,-0.8035763499520597
