tipNames,x1,x2,x3,x4
Ust_UP,7.260692187900281,-11.448789095639592,-2.41895465298207,7.284054345147509
Loschbour_WHG,-1.0508692509652429,-3.380017963270474,2.3422898343227243,5.524877125445297
Bichon_WHG,5.3796617277555345,-9.066932223697417,-3.3482311145229393,10.927912612546251
CaucasusHG_LP,13.17667054288368,-20.866197526093533,-19.92849412149113,9.462121084106604
Sunghir_UP,3.9942648698290877,-7.303645118799301,-2.1585902077592642,4.611897410648384
Kostenki_WHG,9.791918127700184,-9.31204435817859,-9.203956542914305,7.672775994965267
Yana_UP,2.2972805799672,-7.627563577731211,0.827086472563473,3.9247362267308077
MA1_ANE,18.103027422463178,-16.215333757426873,-9.617257866691698,15.239312436122525
EasternHG_M,-5.806190566782703,4.041692277054336,14.961607704641406,-0.3159471293957026
Dinka,1.4789839264124065,-5.589327239919505,2.8206391510039004,5.798739982307378
Altai_Neanderthal,-15.488716189422707,17.06771343355218,19.59806993534729,-11.692293081195245
Denisovan,8.951785324383518,-12.905358355457945,-18.42201348976969,4.463222542403794
Chimp,-6.5233330776832155,10.358646152776718,9.6820883599092,-2.640198019351861
