tipNames,x1,x2,x3,x4
WIV1|2012,-20.98947837756375,54.54598726057154,27.242329882472184,-16.414064825027936
Rs3367|2012,-20.257103728840022,53.571183778516364,27.33097360866776,-16.187227671300924
RsSHC014|2011,-20.48555091532589,55.700507167268896,27.741010705591926,-15.853572490093129
Rs4084|2012,-20.179523607382713,54.82148281082364,28.01976081751727,-14.454670346949534
bat_SL_CoVZXC21|2015,-26.234946699959263,62.504771566823415,34.59754283128541,-16.59547509444606
bat_SL_CoVZC45|2017,-27.406964473705745,60.56176847335606,34.717530433840864,-17.995988406135602
bat/Yunnan/RaTG13/2013|2013,-21.549298336694406,58.672279171868084,29.013695476682805,-17.611013637966646
bat/Yunnan/RmYN02/2019|2019,-26.329777285694774,64.38991757771315,41.068460562793625,-20.85643585657507
Wuhan-Hu-1/2019|2019,-33.900464591070474,70.44515115404693,49.31902348815143,-24.59563698024546
Wuhan/WIV05/2019|2019,-34.15994236234944,70.71805653619057,49.14986310021711,-25.01595998583084
USA/IL1/2020|2020,-33.26278315325545,68.64639488187576,47.81333781146838,-24.068734140484587
Yunnan/IVDC-YN-003/2020|2020,-33.44051649704267,68.8223061822411,47.99035735740374,-23.98982380382676
Japan/KY-V-029/2020|2020,-32.65527296365218,68.94475641065262,47.617620396923655,-24.224857469153985
Sweden/01/2020|2020,-32.639026171634,67.64719175544784,46.446027807517325,-23.746174153595277
Nepal/61/2020|2020,-33.00432410615336,68.32491416277293,47.8129206136018,-23.689263845429466
USA/CA1/2020|2020,-33.30775417392435,68.71454201123946,47.99546540758411,-24.11573911947155
pangolin/Guangdong/P2S/2019|2019,-21.4655777870468,63.58569784341944,30.120541740427235,-24.56920465071076
Rs4247|2013,-18.468853820777152,55.05148134868387,26.411630271007887,-14.302049558194152
Rs4231|2013,-24.310052959020002,55.547040675569065,27.538183758520237,-22.373264780422417
Rs4081|2012,-22.555125299718423,57.59537039895912,28.57780511305234,-18.43057333396882
Rs4874|2013,-22.332000118598128,55.79261544353059,27.72120805911653,-18.25514808580849
Rs4255|2013,-25.315336852234157,59.37426976560425,31.253088272025792,-19.70753826926902
Rs9401|2015,-25.989226836683738,60.463837458394636,34.7485164628925,-17.327822280586375
Rs672|2006,-24.15402272897,56.15322564701006,31.451264270465376,-16.24493683052608
TW6|2003,-30.51059196650881,63.85036586397757,40.9259350539507,-20.135406471932285
CUHK_AG03|2003,-30.536717675316048,63.89947306584104,40.83912566974689,-20.32759533103895
Sin842|2003,-29.84132990028281,63.02228484696,39.69049042164874,-20.292165390543556
BJ02|2003,-29.787272733898494,62.42561667927586,38.390766597272474,-20.498636598566705
GZ0402|2004,-26.830195118073622,58.856083669750824,33.79057907069262,-16.517498162171076
GZ0401|2004,-27.788428276587577,59.59882705726401,34.619249438942234,-18.138601503674245
PC4_13|2004,-27.08166417409854,60.04665247449965,35.49202517745277,-17.54539883118474
PC4_136|2004,-26.999580371523678,60.25942947772733,34.210970062634814,-17.944872694028813
civet020|2004,-27.54840654700417,60.882573316307614,34.51851095811819,-18.838041848205723
HC/GZ/32/03|2003,-26.56184427421921,59.53752125168621,33.498587182395866,-18.02447096165833
Rf4092|2012,-23.274198340811846,56.759987052073065,28.724051531968076,-18.086676527524787
As6526|2014,-21.096602065017024,56.59293708436019,29.468965941591556,-16.371428926368885
Rs7327|2014,-24.767563826392774,59.258839641422576,32.04753375475236,-18.263110890182862
LYRa11|2011,-25.414081509013336,60.79188617104278,35.7961168072521,-18.60927810405052
bat/Yunnan/RmYN01/2019|2019,-27.66071012572995,63.3498524857245,36.37445583136615,-18.790059668532894
BtKY72|2007,-39.206578280136455,65.99360880893569,41.587857664798186,-45.43829503228911
