tipNames,x1,x2,x3,x4
WIV1|2012,-48.32914453756186,36.2003878383304,40.2042537941563,-33.210055193292874
Rs3367|2012,-49.39422823351002,37.291737240915296,42.16604557442154,-33.240624625144065
RsSHC014|2011,-48.48706818879927,37.0534568778256,42.948175520736044,-34.23178989200607
Rs4084|2012,-47.50246243405104,36.785341504762776,43.655177704574726,-33.42293438690536
bat_SL_CoVZXC21|2015,-52.08550578279426,39.47818337700691,40.74458251924356,-36.89826964505677
bat_SL_CoVZC45|2017,-42.555944885264736,25.20469474781796,34.13370733052202,-31.153169534951278
bat/Yunnan/RaTG13/2013|2013,-79.12354156985361,64.31866634487159,79.6883377619149,-51.467213734997635
bat/Yunnan/RmYN02/2019|2019,-78.49211009293577,64.12843995899902,80.97767669929996,-52.51656450205455
Wuhan-Hu-1/2019|2019,-72.03049237600936,52.933117582225535,72.30827779335984,-49.11038485564271
Wuhan/WIV05/2019|2019,-72.35580353209122,53.4209582981959,72.79610728472937,-49.01277448467608
USA/IL1/2020|2020,-72.08765175885473,53.14214923498513,72.33411071890697,-49.878965541996344
Yunnan/IVDC-YN-003/2020|2020,-72.90284412276289,53.87974813040871,73.29020523700692,-50.07654050891228
Japan/KY-V-029/2020|2020,-72.37730338762493,53.381956959857455,72.08825466192346,-50.011118204975226
Sweden/01/2020|2020,-72.55339519295015,53.74224171468963,72.75187306698588,-49.812766071666644
Nepal/61/2020|2020,-71.79767429716715,53.052736661540536,71.94885834880532,-49.83676458390176
USA/CA1/2020|2020,-71.7054760606312,52.800517903093734,71.77034047133198,-49.62617361902817
pangolin/Guangdong/P2S/2019|2019,-65.4104194674285,51.12230158265114,70.22995723138801,-42.30255238772919
Rs4247|2013,-51.29666200726502,38.294732379260445,44.5815671583779,-34.5518105228603
Rs4231|2013,-46.54745845937214,36.39264391647481,43.08354025712738,-33.04165245175786
Rs4081|2012,-48.41326642846921,36.76683669991632,42.71771870798956,-33.49782909749148
Rs4874|2013,-52.543746573844075,40.40501290391657,47.294768226052945,-36.16017963146894
Rs4255|2013,-45.85860953658356,34.560787337810645,41.31754865657838,-31.284446325523028
Rs9401|2015,-48.43192985470953,38.62939727764724,46.15793747313772,-34.745237370373616
Rs672|2006,-45.70762019332437,37.183684495175456,41.57063326022138,-30.654970513291143
TW6|2003,-44.16559654790922,33.57300286776078,41.81707809960303,-29.401818009135038
CUHK_AG03|2003,-44.34582424972971,33.69758787954799,41.9808034280522,-29.394602808134888
Sin842|2003,-43.614165754959856,33.606657812609846,41.25264465413088,-28.73311335379926
BJ02|2003,-45.39936297136366,34.75024265287793,43.82068818125916,-29.96542074184377
GZ0402|2004,-43.07854976027582,33.26894769420414,40.65677826939651,-29.48018538155956
GZ0401|2004,-44.289640050637075,34.747888256868244,42.16842146223069,-30.149025249040523
PC4_13|2004,-43.31484282051154,34.530419941528386,41.17139451494135,-28.420960622831068
PC4_136|2004,-44.47745814798632,35.03272772037931,41.74330775435371,-30.096968054009068
civet020|2004,-42.31729849022906,32.59395014609566,38.947590404488,-28.88655761802886
HC/GZ/32/03|2003,-43.08833399476849,33.53256109470109,40.93223707690766,-28.99470053879659
Rf4092|2012,-46.377666909589536,33.83699714881486,41.54693264466302,-32.68810577918073
As6526|2014,-47.23840187599523,36.13337533853972,41.58393423908597,-33.35860788603455
Rs7327|2014,-47.37964974904602,36.26641386230679,42.036135664411155,-33.905908605114845
LYRa11|2011,-47.33689188174881,34.954891667456984,45.013464942381376,-30.842441971541287
bat/Yunnan/RmYN01/2019|2019,-41.61052694429263,32.41363468483619,40.52478277129139,-25.598064190825177
BtKY72|2007,-29.93881478651206,8.693424907791858,12.431876677678371,-23.90760929728094
