tipNames,x1,x2,x3,x4
WIV1|2012,16.459178660084188,3.625386074647836,-24.118741428528185,64.41190892502587
Rs3367|2012,15.361283800278873,5.414829552864634,-22.225208190295575,64.21865306332434
RsSHC014|2011,11.350935632990668,10.810704418046285,-14.945385909207864,60.37816476793898
Rs4084|2012,11.658472542490571,8.40157683912956,-16.70171657595416,60.74459109863603
bat_SL_CoVZXC21|2015,22.676192157423202,4.630700468398734,-27.233123708858855,67.32865280782423
bat_SL_CoVZC45|2017,17.529671921027614,9.272510022124402,-16.359893959125518,63.776570355845244
bat/Yunnan/RaTG13/2013|2013,4.718027567070276,16.0615731316123,-24.32953250324661,46.96484548013413
bat/Yunnan/RmYN02/2019|2019,-1.2188858729212182,21.124082916427547,-18.188509606665733,40.32213840683139
Wuhan-Hu-1/2019|2019,10.962185699477116,3.7615795945142985,-33.54609031129794,56.5336791274648
Wuhan/WIV05/2019|2019,10.430388053054664,4.33907530640947,-32.91068944078929,56.102661520794804
USA/IL1/2020|2020,10.763411031086449,2.652692672476438,-34.75711890486717,56.170664902356904
Yunnan/IVDC-YN-003/2020|2020,10.765460061903452,2.7772971804957844,-34.58236252447375,56.17997945326154
Japan/KY-V-029/2020|2020,10.5452289881635,3.783126038308089,-33.77529689294893,56.199014591915784
Sweden/01/2020|2020,10.763642092939195,3.1075694094951043,-34.489957381222126,56.18605067878466
Nepal/61/2020|2020,10.09264228979528,3.703880063414797,-34.01058969109573,55.35440530926995
USA/CA1/2020|2020,10.53481378013176,3.6389465437065986,-34.17582426048415,56.06177584796757
pangolin/Guangdong/P2S/2019|2019,25.499436384999424,-10.022083418304783,-38.03871593466391,67.29278583644532
Rs4247|2013,14.120374333291636,10.789686930012621,-17.378888520043756,63.48025890833671
Rs4231|2013,8.441127481414494,14.272316639386617,-11.39042219654738,59.33482497356088
Rs4081|2012,10.968902823371872,10.30982865006724,-16.359576743424224,61.05138193149311
Rs4874|2013,13.17614579962907,9.203838446659425,-18.69490188362374,62.104703158079566
Rs4255|2013,13.295393888434644,7.695593591904119,-18.081824550416727,62.72323080503122
Rs9401|2015,18.6006046536215,-1.3054553506980437,-25.033684812082303,63.475301706150944
Rs672|2006,5.505018442687074,11.926472042862798,-11.628866503050094,57.704086833817605
TW6|2003,21.499832163508838,1.9783830011490053,-25.333969179261288,69.72545862005299
CUHK_AG03|2003,21.62837030661055,1.8280042358520139,-25.51124317816889,69.72641565166877
Sin842|2003,21.79579730525379,1.7739690596407343,-25.680231277810734,69.64349310156385
BJ02|2003,20.60943507012031,2.747394448640345,-23.532042500910304,69.29927249801322
GZ0402|2004,18.220840495621463,4.752298108923949,-21.210786258979784,69.07967511944399
GZ0401|2004,19.46017866263803,3.1393351340580233,-22.694584622755773,69.24272221092406
PC4_13|2004,18.681183925604607,4.315501358931936,-21.289394838465984,69.04772922672575
PC4_136|2004,18.664990071851292,5.003696458830977,-21.944043805883165,68.79585141186632
civet020|2004,19.424612635912492,3.3739808716061117,-22.752957310413116,69.22303116059021
HC/GZ/32/03|2003,20.246586205602625,2.860680554377487,-23.113797508993326,70.08627909828942
Rf4092|2012,10.150668340201133,9.369160679646514,-14.862413872692926,61.40838631754269
As6526|2014,14.780797105155628,6.337912146522221,-20.418102456309136,62.82716150350438
Rs7327|2014,11.230412213370716,9.899474672783189,-14.892093825979373,61.75453145861551
LYRa11|2011,19.74768528730599,-1.5628525828146236,-23.224022571060967,72.3603124692184
bat/Yunnan/RmYN01/2019|2019,7.957737647296654,11.389948228293553,-19.53600087561925,56.94610207901548
BtKY72|2007,55.52531399478727,-42.11131289242222,-64.66984713391957,83.59898225519468
