tipNames,x1,x2,x3,x4
WIV1|2012,-32.40449078345458,30.541833016388264,45.51102730002061,-36.58609500004707
Rs3367|2012,-31.89447131988615,30.353348182034168,45.53356285573413,-36.13429547379293
RsSHC014|2011,-31.821667858169583,31.870606806494607,45.07900807351828,-37.7594566782905
Rs4084|2012,-28.69340748506559,28.270550429056353,42.58392377572159,-35.04335325688226
bat_SL_CoVZXC21|2015,-32.47309831172026,31.555230184821703,45.760843381484214,-33.12141191594262
bat_SL_CoVZC45|2017,-32.5371925796671,30.523390383758947,47.925262881552214,-33.78144741528694
bat/Yunnan/RaTG13/2013|2013,-31.13717755277423,32.60864889517289,44.809348736116654,-29.969830504848197
bat/Yunnan/RmYN02/2019|2019,-28.707854683734215,35.512838983102185,49.207694721571556,-22.3328211224105
Wuhan-Hu-1/2019|2019,-24.24350181657889,27.023670077040553,41.95786724163832,-24.35550723116226
Wuhan/WIV05/2019|2019,-24.644644398361912,27.3856238849419,42.60200807552216,-24.41681170987455
USA/IL1/2020|2020,-23.33558064811034,26.204791388878384,40.73908395535781,-23.695149494464246
Yunnan/IVDC-YN-003/2020|2020,-23.133525963108237,26.266562344886392,40.717657431050206,-23.691048413330254
Japan/KY-V-029/2020|2020,-22.988786615754776,25.960093059706324,40.989208719007905,-23.015725560699245
Sweden/01/2020|2020,-22.23790067666263,25.077193318172217,40.29783609387799,-23.420502121447246
Nepal/61/2020|2020,-22.780145275008138,25.20148472858708,40.048943485001736,-23.718619379233914
USA/CA1/2020|2020,-22.82906902759471,25.613637801984044,40.26757416426054,-23.327477119559585
pangolin/Guangdong/P2S/2019|2019,-14.893434882253684,10.2597244441787,27.953423019124433,-21.733097156256985
Rs4247|2013,-33.24972510415395,32.62605718161125,46.12268189479407,-40.590351925157925
Rs4231|2013,-34.48030674093289,31.396419163044822,46.22849163261551,-40.09681739711581
Rs4081|2012,-33.40656441334105,31.280915489526446,45.733509305510815,-39.439773444151555
Rs4874|2013,-33.90547814386634,30.757974258655935,45.15316522890772,-40.265462174002685
Rs4255|2013,-31.442361217865088,28.253610941526695,43.331023934932,-38.12921806673273
Rs9401|2015,-31.46302954760915,32.15285767453075,43.600978776103275,-38.283977903573735
Rs672|2006,-26.539591325370775,26.844345360867692,40.13572891317656,-34.949753676824635
TW6|2003,-29.390670580162816,28.692082254765605,36.9351212028452,-40.13630745217211
CUHK_AG03|2003,-29.295049935708274,28.586299643242768,36.752054243232344,-39.887835087741735
Sin842|2003,-29.905917711782045,29.17080379321612,37.66206783947311,-40.615415554704995
BJ02|2003,-28.24104279115811,27.29575881972238,35.051495840794345,-39.77584953410722
GZ0402|2004,-32.04963666698713,30.787271091510426,39.3344397397406,-42.59671841362156
GZ0401|2004,-34.283133580560595,33.44273801946853,42.20606439305072,-43.34813394996394
PC4_13|2004,-32.30442913705111,30.186922817357416,38.83270235643698,-42.107278089681095
PC4_136|2004,-32.04183633964276,30.563767418092617,38.384244549579726,-41.97632811880102
civet020|2004,-33.91567950352856,32.485925805094574,40.87514280907442,-42.652485757308305
HC/GZ/32/03|2003,-32.57123629425788,31.015525418416125,39.66931243460563,-42.44990937881249
Rf4092|2012,-36.7574432944163,35.81020535723264,49.95482300067756,-41.6309631015435
As6526|2014,-31.780754497272248,30.462791355440107,44.518658833643656,-37.857725850470054
Rs7327|2014,-29.926531088105357,29.216166076893757,42.27748551228297,-37.35391607551571
LYRa11|2011,-30.35231622237568,34.72646061139262,51.73448772362134,-32.31112637111552
bat/Yunnan/RmYN01/2019|2019,-26.90738385938277,30.334293767278254,45.92675798408964,-36.48908805472103
BtKY72|2007,-5.80608373349129,18.45086198471013,21.5052872630935,-13.679040884006227
