tipNames,x1,x2,x3,x4
WIV1|2012,-14.528457521319929,29.309760748251705,14.273575254410254,-7.9775507086751505
Rs3367|2012,-13.337252035906678,28.4301322729424,14.55745225006295,-7.244661773207222
RsSHC014|2011,-13.355793793738485,28.776195114969912,14.10893319829293,-6.164116124409852
Rs4084|2012,-10.98809557486576,26.587630430940486,12.354011772893882,-4.532273326654397
bat_SL_CoVZXC21|2015,-19.012870378348286,32.26658411139229,19.203472322431193,-10.418158675848428
bat_SL_CoVZC45|2017,-16.89718873805006,31.88377370041178,16.867563733988952,-12.426872628680877
bat/Yunnan/RaTG13/2013|2013,-47.59440198531047,61.47188348618991,49.01120773635538,-34.37331708953152
bat/Yunnan/RmYN02/2019|2019,-43.11899464397868,54.42295856638115,41.11953908965422,-36.101688968605224
Wuhan-Hu-1/2019|2019,-42.608365953985434,59.973603762343835,39.361642482375416,-32.012553844111956
Wuhan/WIV05/2019|2019,-42.62720338716664,59.82176889424878,38.872899722337436,-32.014070329732704
USA/IL1/2020|2020,-42.518139253771785,59.68931349188393,39.535585626688416,-30.962724172074488
Yunnan/IVDC-YN-003/2020|2020,-42.6357593785548,59.81914457597824,39.55533054929118,-30.904681033858413
Japan/KY-V-029/2020|2020,-42.122659447946134,59.808580170249655,38.95946449220089,-31.203799316599493
Sweden/01/2020|2020,-40.24224257565952,57.96097574131401,37.2085767633722,-30.146048598013234
Nepal/61/2020|2020,-41.356854922388194,58.94297444129363,38.27518499604516,-30.467844144267726
USA/CA1/2020|2020,-41.529064861348,59.15030399817256,37.766048687199124,-31.030746674209052
pangolin/Guangdong/P2S/2019|2019,-12.969687130797745,31.364378547495967,12.411991099185713,-6.2526731162348845
Rs4247|2013,-9.708478417193087,26.241887098332768,10.18260680038009,-2.4359992262479504
Rs4231|2013,-17.15015989359735,33.80125932995542,18.333597579183795,-8.269033440022826
Rs4081|2012,-12.976878735232038,28.620763063686788,15.43424176576968,-5.032411898549691
Rs4874|2013,-15.398237383297316,31.464821642305743,17.553196908607518,-6.54145887773757
Rs4255|2013,-15.052091266470486,30.51125812373587,17.797061015139434,-6.2588279853696935
Rs9401|2015,-10.991229460080218,23.21961757974313,11.382351255318119,-4.874221509064298
Rs672|2006,-9.114181177448222,24.724059640903953,11.848444597744287,-3.012463138659853
TW6|2003,-3.2990332007904115,19.124070678324937,1.394577377919527,-0.5399922182640315
CUHK_AG03|2003,-3.199210012900135,19.234105774660563,1.3640101017799484,-0.43692945529654714
Sin842|2003,-4.0822925570350375,19.809280302591404,2.4410729938402,-1.0468829565643434
BJ02|2003,-5.7952947648385855,20.637711313331536,3.089743298533481,-1.9542331754435263
GZ0402|2004,-5.04288903350894,21.14042163584873,3.010147100075722,-2.7454039248373716
GZ0401|2004,-5.757032978215166,22.46507174191462,2.7393983711258207,-3.034442938262729
PC4_13|2004,-5.94859597459414,22.20275433301779,3.7954492970968485,-2.452750043158285
PC4_136|2004,-6.068987604788623,22.188120517094045,4.159060332404917,-2.9735815044587173
civet020|2004,-6.4869288120834945,21.09300438579382,4.2489261582575395,-4.5529420374281635
HC/GZ/32/03|2003,-5.507840742917007,20.646774264585055,3.1677377042848622,-3.3112696204632424
Rf4092|2012,-8.993318005649027,23.736911768158073,13.043348469890944,-3.3912099805430316
As6526|2014,-15.589313277746768,31.040295310065684,17.6109574950097,-7.738733811894719
Rs7327|2014,-12.372951238933162,27.709522059590096,13.985772625372917,-6.336731138271252
LYRa11|2011,-8.96850635605947,24.44752136649475,9.776988092596806,-9.282215855395606
bat/Yunnan/RmYN01/2019|2019,-15.59820638342864,31.852185301278993,17.235169924112373,-7.6789097822862
BtKY72|2007,5.880940098446509,23.61765132937067,1.6848813736845472,-4.881918904058224
