tipNames,x1,x2,x3,x4
WIV1|2012,28.298136787856876,4.244220677696289,-13.198854839837644,23.252814288148233
Rs3367|2012,27.73113424968189,4.946601267130694,-12.535261083724794,22.465326890661153
RsSHC014|2011,29.12708321822391,1.1804978919774132,-15.633879796970998,23.158370884795147
Rs4084|2012,30.54112396268798,-0.6151256568695874,-15.470144175805686,24.703182053273373
bat_SL_CoVZXC21|2015,28.430560496265244,3.716966716523409,-17.197771833881216,18.78273424503387
bat_SL_CoVZC45|2017,27.284824970424083,6.460415803927733,-15.823630146202627,18.2880395890667
bat/Yunnan/RaTG13/2013|2013,28.97824315160386,2.165628439547479,-3.6306635759564863,21.24248789670372
bat/Yunnan/RmYN02/2019|2019,17.1418590647242,16.700898086984978,11.961096389741341,20.55998762427336
Wuhan-Hu-1/2019|2019,23.944959623504086,9.474970747888927,-8.869216778037694,20.197930261837914
Wuhan/WIV05/2019|2019,24.077065126181953,9.505251759093037,-8.712968240086798,19.973146135789545
USA/IL1/2020|2020,21.955714794279483,10.898582456346887,-6.255003210278234,18.905356796645204
Yunnan/IVDC-YN-003/2020|2020,21.97540093319141,10.833786341843094,-6.55059804921891,18.73089517957052
Japan/KY-V-029/2020|2020,23.753607539307865,9.338610778631102,-8.344273039721088,20.017618727955742
Sweden/01/2020|2020,23.603722129836736,9.911528825346808,-7.597509368287969,20.21165181169802
Nepal/61/2020|2020,23.062402423634865,10.486267942001794,-6.546351793620751,19.39448767713981
USA/CA1/2020|2020,23.775231325506002,9.69366263682191,-7.312042660629877,20.67665985441893
pangolin/Guangdong/P2S/2019|2019,12.563326363886203,19.765867160888206,3.2174536803859537,9.563504840570202
Rs4247|2013,28.065244194006574,-0.20319012263574643,-15.697587993752803,22.860156246634787
Rs4231|2013,22.77439326708878,6.494588505166996,-6.537758043161446,21.015091243326335
Rs4081|2012,27.67177457035331,1.8027045487302729,-13.870371319063658,23.063802522910148
Rs4874|2013,28.63338572016438,-0.40419511740592395,-15.34826247074203,23.526416191469643
Rs4255|2013,25.02037110081398,4.319931330255551,-11.377415702930582,21.941841377984943
Rs9401|2015,27.885275927982015,5.613257936632241,-12.945314013977933,25.945291187985458
Rs672|2006,27.855560560074977,1.1106991924513296,-17.44080650512972,22.273865784624352
TW6|2003,36.9511310759613,-6.103259050845952,-27.119149106937424,29.30644607374896
CUHK_AG03|2003,36.58350895630965,-5.7636818932370675,-26.682086582009582,28.92654827088145
Sin842|2003,36.5960703437263,-5.700147742583222,-27.08513018700886,28.624406013807242
BJ02|2003,35.195838354614686,-5.144018081580743,-26.828905973237863,27.846013546614245
GZ0402|2004,42.63577077111166,-12.225141256857038,-34.211082464891724,33.78402120140705
GZ0401|2004,41.23841859843852,-11.046080494696225,-31.63063164279679,33.10981196737464
PC4_13|2004,42.171796060690724,-11.287488935120399,-32.67961263591945,32.67747271719929
PC4_136|2004,42.280138180895705,-11.277804457712728,-32.62160569787843,33.24571899117636
civet020|2004,42.540316003393585,-13.53137008396715,-35.12109806413486,32.66838826040043
HC/GZ/32/03|2003,41.442222906472104,-11.63820428281896,-32.843065977159064,32.14170282050783
Rf4092|2012,31.945353680095405,-2.406839176637681,-16.777176463969326,27.55162889237216
As6526|2014,25.765294825883114,5.40005503776322,-11.59267016699177,21.251863743490233
Rs7327|2014,29.02690078707178,2.582001910884131,-14.234227426783006,22.357968047704347
LYRa11|2011,24.584354597563518,4.082754127727439,-11.87112753735905,21.927742870517022
bat/Yunnan/RmYN01/2019|2019,20.8626107303259,7.551289033814165,-9.244200737550775,19.883285914211314
BtKY72|2007,14.424606312151596,20.213068936729588,0.4044759123031376,10.422528874687131
