tipNames,x1,x2,x3,x4
WIV1|2012,-36.8211285953043,34.88475982698189,17.55732811843965,-25.718390867223263
Rs3367|2012,-35.49811066961873,33.42000335708804,15.556402433263825,-24.18705438876527
RsSHC014|2011,-36.627829329944085,35.44355764453182,18.892348226905355,-24.528983502972988
Rs4084|2012,-38.386748868413235,35.972724536411064,19.53698115090085,-25.78630668366899
bat_SL_CoVZXC21|2015,-38.00231949160517,37.8685869837778,26.71455335967505,-21.002634656497843
bat_SL_CoVZC45|2017,-28.631054717704306,26.796515394024894,15.757059775418904,-16.82120984219067
bat/Yunnan/RaTG13/2013|2013,-55.89539588914174,54.92067630812521,38.168993977598525,-34.10699074910623
bat/Yunnan/RmYN02/2019|2019,-51.14266718845087,56.059008320161844,40.18166543206613,-30.79715734989368
Wuhan-Hu-1/2019|2019,-64.33100555697945,60.879235303520645,45.91940779242285,-45.048157877057996
Wuhan/WIV05/2019|2019,-64.93134679073283,61.30794323586722,46.071323369214525,-45.126260990925395
USA/IL1/2020|2020,-64.20091200617586,61.5414495944992,46.50002082077693,-44.516685262820104
Yunnan/IVDC-YN-003/2020|2020,-64.14899511173985,61.52034908496454,46.33181496860397,-44.5546766818833
Japan/KY-V-029/2020|2020,-63.90449323820236,61.146027154503734,46.43136558821838,-45.10377015727508
Sweden/01/2020|2020,-63.44404978983572,60.64101383552216,45.2691703956711,-44.602192453772005
Nepal/61/2020|2020,-64.1833222846431,61.40597748581159,46.38750478254701,-45.148779468185595
USA/CA1/2020|2020,-63.46054054508354,60.54247934356069,45.48809289865305,-44.441578505244294
pangolin/Guangdong/P2S/2019|2019,-51.453501120174806,56.513856215187595,37.75406168923682,-37.46448060475551
Rs4247|2013,-36.00867112775739,36.757941893602315,17.30468023482327,-22.660196130895887
Rs4231|2013,-37.919912483941516,37.876161490408705,19.755963013413293,-25.322059064779964
Rs4081|2012,-36.0280836436951,35.98805025920812,18.047713637398136,-22.79845140764031
Rs4874|2013,-34.64724851063791,34.58117482289214,16.223802890731793,-24.253512676900264
Rs4255|2013,-36.154811043811485,36.79016492236659,18.784161527982562,-24.65644604444888
Rs9401|2015,-33.77959367612949,30.930927245232127,13.57462230591591,-22.196936739981204
Rs672|2006,-36.08494752143582,36.272951714043685,18.82263598438504,-24.279379054298076
TW6|2003,-39.36996128151153,38.005124330951716,19.20422995705424,-24.77204063968807
CUHK_AG03|2003,-39.170652089506135,37.88567400551087,19.12607504288646,-24.68291246604133
Sin842|2003,-39.43409898255747,37.852285267412405,19.11433491083537,-24.983615513666827
BJ02|2003,-41.32615008325458,38.98022341213154,20.493202692921415,-25.495675940764066
GZ0402|2004,-41.932700862088,38.13040597075681,19.366819583897286,-25.893098926803297
GZ0401|2004,-43.157787550048674,40.166264053955686,21.850623084270712,-26.098954627103353
PC4_13|2004,-41.90312256030742,39.33904164972965,20.75393843504771,-25.699912838427217
PC4_136|2004,-41.934293655618504,39.56516342002213,20.76216385438626,-26.128652058818883
civet020|2004,-40.451845477549945,37.29460944599556,18.676527354216756,-24.43474832471216
HC/GZ/32/03|2003,-40.26454644734613,37.7609040179782,18.861744898847007,-24.949266069643475
Rf4092|2012,-34.2916819883253,33.778414358930526,16.82982186270467,-21.684393512028702
As6526|2014,-36.50335068509753,34.28355700381255,17.62867804783583,-24.530445774769525
Rs7327|2014,-35.48554485946512,33.19777592611845,16.20968415050366,-23.855299579594874
LYRa11|2011,-37.66614984168429,35.50942313391606,21.067172778192305,-28.679602180157076
bat/Yunnan/RmYN01/2019|2019,-33.74226327484579,33.003361593850634,16.580676193221944,-25.27945462662415
BtKY72|2007,-8.510470918331901,11.951511373174768,-13.230751709848949,-11.963231301835643
