tipNames,x1,x2,x3,x4
WIV1|2012,47.98127685152561,-6.834521569606995,11.788494591861507,22.519151522118783
Rs3367|2012,47.74768170776428,-6.1105694939515764,13.618214066571921,22.01186193252308
RsSHC014|2011,48.21098284653346,-6.928228660824827,13.288197969929785,22.93900017921437
Rs4084|2012,50.08487954016785,-6.982530519241474,10.669611406027121,22.15499169960577
bat_SL_CoVZXC21|2015,49.47361215193722,-14.97605988318802,1.3799546015020079,15.496042847794266
bat_SL_CoVZC45|2017,43.06640008117211,-9.291693412017588,8.324129057334904,16.856937874276444
bat/Yunnan/RaTG13/2013|2013,28.18184538135692,5.494730690441086,17.89714250160519,11.037913432916236
bat/Yunnan/RmYN02/2019|2019,35.08535267150428,-1.8617671846910278,3.121406616404693,9.913948275317674
Wuhan-Hu-1/2019|2019,26.659547505602188,6.897167152212843,15.986961423646875,9.759111037891184
Wuhan/WIV05/2019|2019,26.65552757322578,6.48286643433563,15.870200023756219,9.577584252598587
USA/IL1/2020|2020,25.992173464782166,7.607433431878694,17.14733126009849,10.018457581339183
Yunnan/IVDC-YN-003/2020|2020,25.34743482296396,8.131007373558328,17.929592095088182,9.727417348063803
Japan/KY-V-029/2020|2020,25.454099719922265,7.9862213734984495,17.2484697800051,8.94458086063902
Sweden/01/2020|2020,25.85284503716028,7.985557017559019,16.726173488874174,9.541984952387647
Nepal/61/2020|2020,25.313996423776256,7.864960818192667,17.269367547250308,8.871551797586775
USA/CA1/2020|2020,25.774698765722917,8.459479292140044,17.47739873607547,9.84987483898487
pangolin/Guangdong/P2S/2019|2019,26.866935892340923,8.512077832036795,18.45373320336501,9.350733447991374
Rs4247|2013,49.08441457582462,-6.089432988340795,13.162854650137689,22.108889270631757
Rs4231|2013,50.70124596814207,-8.09891567337033,9.561550081717767,23.10828297380418
Rs4081|2012,47.62136358200044,-5.421751647388221,14.296871266380721,20.992142170104742
Rs4874|2013,50.74333405411889,-7.304957452400383,11.891921925581773,24.566240703110374
Rs4255|2013,52.79341253295147,-9.065356270495423,9.892462160343658,25.762303768338754
Rs9401|2015,45.03280692893099,-4.539752250157559,13.897239176366186,17.041979563508793
Rs672|2006,46.81992391427404,-5.107272069479161,15.589370502462712,19.489177390773396
TW6|2003,50.96693670615302,-8.04103290249012,10.763916531140895,24.35861517372578
CUHK_AG03|2003,50.719085985361936,-7.90796495968582,11.022791695535437,24.283340860215226
Sin842|2003,51.68950789822463,-9.101556687765942,9.642314813471703,24.49181179025732
BJ02|2003,52.160062696446815,-9.511090994125194,8.405071434153129,24.15966510123187
GZ0402|2004,51.195488859577544,-6.825171670574193,10.310643888043018,23.335362219485063
GZ0401|2004,51.75929522463204,-8.163138491071184,8.449191601220969,24.401669013015038
PC4_13|2004,52.04938442500928,-6.836553118586311,10.077148791228709,25.467841091648292
PC4_136|2004,51.69290670938359,-6.982964883318866,10.38039150014548,25.245709122066064
civet020|2004,51.773671516820066,-7.845884402047542,9.737083810123451,24.99840916604408
HC/GZ/32/03|2003,51.71655943675708,-7.5432255640713874,10.161322283252295,24.466428032694655
Rf4092|2012,50.03478558879059,-7.613154227182211,11.27623345400929,19.392211538167206
As6526|2014,49.32491286860176,-7.164960073916078,10.57849329767412,20.306563145459865
Rs7327|2014,49.60364470903618,-8.80630460624509,10.448649672522667,21.069859115849226
LYRa11|2011,48.00398399288366,-7.147450126097624,8.719741289834117,20.660503899233667
bat/Yunnan/RmYN01/2019|2019,55.19167784333026,-12.03448592203744,10.007526557524374,28.62632731016449
BtKY72|2007,42.68071937599566,12.909169783302513,27.48615862872751,24.70518309952021
