tipNames,x1,x2,x3,x4
WIV1|2012,1.2781619434628153,-17.373560199630006,-7.2267292342179825,-7.937552774003218
Rs3367|2012,1.6002239779445047,-17.92466774581033,-7.355775390373032,-7.414044419604771
RsSHC014|2011,-2.1401700895647746,-15.065548316929366,-2.5357533988307264,-9.882265989890636
Rs4084|2012,0.5730030749894086,-17.199859199933897,-3.865297282052366,-8.106260322216498
bat_SL_CoVZXC21|2015,6.655344470269975,-23.201119471677746,-10.225418217060765,0.5487575072271562
bat_SL_CoVZC45|2017,2.8894164598792162,-15.764070788599172,-9.279309363548446,-7.268016775510702
bat/Yunnan/RaTG13/2013|2013,15.029659471324525,-30.574175061599885,-34.97669976877342,-1.909462818022758
bat/Yunnan/RmYN02/2019|2019,24.504254268263736,-41.741783442432784,-45.48713585378522,6.178660930707641
Wuhan-Hu-1/2019|2019,11.741862954912657,-32.29716793624806,-33.07791822023499,-5.522538146162468
Wuhan/WIV05/2019|2019,11.390524298368199,-31.633101703925014,-32.48632021649864,-5.668976519254096
USA/IL1/2020|2020,11.519177749215412,-32.31667502014992,-33.63925821281854,-6.177182285018703
Yunnan/IVDC-YN-003/2020|2020,11.74812624301794,-32.384237490618425,-33.95245639884316,-5.928094783525463
Japan/KY-V-029/2020|2020,10.982655482643546,-31.138555307812595,-32.35534326396569,-5.883143087999734
Sweden/01/2020|2020,12.52683948973534,-32.939574338277,-34.11844948855098,-5.335693865719771
Nepal/61/2020|2020,12.370659200556414,-32.35677994543158,-33.37921159085048,-5.1182234444907255
USA/CA1/2020|2020,12.163077447106582,-32.45850512397519,-33.497008700856725,-5.32332180060457
pangolin/Guangdong/P2S/2019|2019,8.174304743078277,-18.95771725996838,-12.469350971288659,-6.220088439127009
Rs4247|2013,-2.9315202382402314,-15.397344956730393,-2.259240494892133,-11.407511420443548
Rs4231|2013,1.433087079828855,-17.828492694695868,-4.354168648980723,-6.751014086908399
Rs4081|2012,0.8477879434320197,-17.98543320137464,-4.600550838924703,-7.5859288936629286
Rs4874|2013,0.8001594747579603,-16.88931295069519,-4.395319407217583,-8.406406019781768
Rs4255|2013,-0.7509364448532294,-15.510137087295979,-3.7576924131676575,-9.270290239022087
Rs9401|2015,4.449427294913704,-22.14971206561836,-9.045035403339465,-6.720868090999447
Rs672|2006,-3.7076782330840103,-11.661751592512783,3.344631571956284,-8.600226499713743
TW6|2003,2.7476994873793177,-19.197991488024805,-10.260212646726997,-8.0436045434502
CUHK_AG03|2003,2.32260623709001,-18.885612227103692,-9.866958230705462,-8.075672506075406
Sin842|2003,2.6623718826134892,-19.162275968664922,-9.740048560366821,-7.909566835194703
BJ02|2003,1.6478302998397878,-17.707542337050597,-7.430625758484227,-8.173225286326582
GZ0402|2004,1.1550579258429665,-18.340489525971496,-5.470245098700346,-4.994369546130629
GZ0401|2004,-0.4692020969355924,-15.539011249496358,-2.605729404981706,-5.539169480188773
PC4_13|2004,-0.8781952156010304,-15.605085367880928,-3.127956263040053,-6.530209882959021
PC4_136|2004,-0.1356855674195394,-16.178719557404758,-3.5629966804171507,-5.338237605243261
civet020|2004,2.8140263341460354,-18.550354926025598,-7.250839822702523,-4.3459292134204235
HC/GZ/32/03|2003,1.6628255895487594,-18.191921416892146,-6.069525744495758,-5.226605654801088
Rf4092|2012,6.7849486915836446,-22.397084022635372,-6.178402559154414,-2.454359117593288
As6526|2014,0.9853696624366565,-17.154450869227745,-4.362580878332032,-6.541158681821805
Rs7327|2014,1.0563665999801013,-17.303986518020366,-3.0658704703886586,-6.261243857020949
LYRa11|2011,0.015443172848094822,-19.684636316784946,-10.957018135590344,-13.400678253816224
bat/Yunnan/RmYN01/2019|2019,9.08495920499502,-28.05185498014764,-12.68109987677549,-3.9850385356869706
BtKY72|2007,18.90276958104543,-36.40983974909127,-28.915451231335716,6.223130780492864
