tipNames,x1,x2,x3,x4
WIV1|2012,-29.18193882839779,29.2142341873313,40.60857392961442,-35.256193842809886
Rs3367|2012,-28.426961378751315,28.478311593518825,39.63381871154704,-34.58150740032882
RsSHC014|2011,-25.128848268268307,28.380915865861482,39.36265620545926,-30.81403873587721
Rs4084|2012,-25.363983669039463,29.460138398891672,40.08631151390056,-31.504141312234577
bat_SL_CoVZXC21|2015,-21.985257118681602,30.083543687267316,35.402486890711295,-26.09001631707036
bat_SL_CoVZC45|2017,-24.04289632663381,31.334816638032642,34.73589221792298,-28.13485358252325
bat/Yunnan/RaTG13/2013|2013,-20.92387740852714,19.406277139665676,21.81231994987578,-29.627585118691748
bat/Yunnan/RmYN02/2019|2019,-14.215571084496457,11.006497532754029,17.954330955805226,-22.068524890138807
Wuhan-Hu-1/2019|2019,-27.754540323435215,25.163617272859216,35.63109127711523,-34.260680386042374
Wuhan/WIV05/2019|2019,-27.89940580573843,25.400913888925597,35.84069379389657,-34.22072390244915
USA/IL1/2020|2020,-27.1695649696688,24.850886860872002,35.278486371589665,-34.17924422749291
Yunnan/IVDC-YN-003/2020|2020,-26.8322421132368,24.283428168699817,34.55597308460525,-34.19803836674397
Japan/KY-V-029/2020|2020,-27.775630801126646,25.58205391424669,36.08372066303354,-34.952105747989265
Sweden/01/2020|2020,-27.948221401131327,25.38257288310374,35.889635603908424,-34.70518642571762
Nepal/61/2020|2020,-28.428009875728698,25.519951602037956,36.11559950984871,-34.844595057982936
USA/CA1/2020|2020,-28.10206386377943,25.466275376681835,35.81559391629255,-34.568816590266884
pangolin/Guangdong/P2S/2019|2019,-4.7140868102994435,10.918025679298516,9.449998147164674,-16.415558754943596
Rs4247|2013,-30.229065663620435,33.6020645974753,41.381533006726315,-35.28543957929925
Rs4231|2013,-23.892990959936817,28.694548330512866,41.38157779888187,-27.821596001187718
Rs4081|2012,-28.473588505673327,31.89531731844713,42.22003710322973,-33.245059570531836
Rs4874|2013,-29.102554304165906,30.966921499859836,40.4294963850156,-34.49778190412246
Rs4255|2013,-28.250769391139436,31.16963517131599,41.74523572338173,-33.006822494147045
Rs9401|2015,-25.905090450387938,26.44027655540605,42.44661265367375,-33.92015584847231
Rs672|2006,-24.976332267964136,29.86093383672157,37.69683013722486,-33.09229913947188
TW6|2003,-25.133368500969425,27.99779706643854,36.44027583627673,-36.664130796040666
CUHK_AG03|2003,-25.256526058579198,27.976754381688185,36.469287375874764,-36.74196115761876
Sin842|2003,-24.539864487997704,27.1031945094271,35.66519707152057,-35.77737418927019
BJ02|2003,-25.320607431008803,28.44574613691192,37.08312253840371,-35.91332755933967
GZ0402|2004,-26.392955576691392,28.763857247289202,37.463659618110825,-35.227501603462784
GZ0401|2004,-27.005390697479296,29.764824766201883,39.00230319641663,-35.22064379664632
PC4_13|2004,-27.4663875077614,30.55216863990866,39.36821866224232,-35.13493838543555
PC4_136|2004,-27.600868205308366,30.24242850050212,39.02926740132665,-34.64060011943733
civet020|2004,-27.845340777484175,30.769047729675908,39.2646715808933,-35.43255257374181
HC/GZ/32/03|2003,-27.92086313124153,30.54562992369902,39.31400086517571,-35.55364560171322
Rf4092|2012,-28.256281129440435,31.51219901311831,42.26724603831193,-32.67944733181398
As6526|2014,-26.33491500322468,28.211750682713507,40.19415287483021,-31.46529833724366
Rs7327|2014,-26.573025775036733,29.637124285121967,41.03461189291849,-30.78174723868312
LYRa11|2011,-35.58514633070493,38.668282526604976,47.71363852190998,-43.72092032447408
bat/Yunnan/RmYN01/2019|2019,-22.96672225685795,25.07285818560391,35.87305846227297,-29.19376430678792
BtKY72|2007,-38.10134619101704,39.539600933199544,57.87532896805769,-29.604064190976693
