tipNames,x1,x2,x3,x4
WIV1|2012,27.13079406813072,-29.662627591622105,-4.7650861028048155,7.506844364155044
Rs3367|2012,29.48967190189507,-30.786029695151157,-6.376707814261583,9.143368051586203
RsSHC014|2011,30.422455504277988,-32.73101620114196,-7.284874389282202,10.820043688088106
Rs4084|2012,28.674100731022204,-31.35042710678704,-5.621363776263527,10.071567085515397
bat_SL_CoVZXC21|2015,43.31514746933378,-44.10579039134691,-15.472720935312562,16.62399440900386
bat_SL_CoVZC45|2017,30.6993397028474,-31.567323787062225,-8.695496195220938,11.768783507018112
bat/Yunnan/RaTG13/2013|2013,33.08335608874269,-37.80557973212022,-23.316778218683524,-1.088948716249475
bat/Yunnan/RmYN02/2019|2019,27.480572958705984,-31.802718058572054,-21.70954963551545,-5.303678686691917
Wuhan-Hu-1/2019|2019,29.146858096321772,-35.013578947356194,-14.63031308467897,-4.112544215629537
Wuhan/WIV05/2019|2019,29.059359285254946,-34.8390091844919,-14.524376185493203,-4.078543977387761
USA/IL1/2020|2020,30.10215440201385,-36.24434964092878,-15.680008179462206,-4.086909331443611
Yunnan/IVDC-YN-003/2020|2020,29.959447475026,-36.18521516848214,-15.791750736663008,-4.001260992914268
Japan/KY-V-029/2020|2020,30.95050562745102,-36.893196929983695,-17.11468859710416,-3.6242831645796425
Sweden/01/2020|2020,31.015835210461802,-36.92471053387175,-17.229757240954534,-3.3586625032161264
Nepal/61/2020|2020,31.35857449717386,-37.03246061830561,-16.80046368353942,-2.9965569422792955
USA/CA1/2020|2020,31.08323800466944,-36.942957657864625,-17.116592043269247,-3.510358807675775
pangolin/Guangdong/P2S/2019|2019,20.289315420026384,-25.71550693579031,7.423064484215471,-1.9692049077750986
Rs4247|2013,26.815153106112213,-29.37409394681125,-4.846638619390011,7.435342709710806
Rs4231|2013,25.959627227689957,-26.532733351789105,-0.08474085579697022,7.15966542754771
Rs4081|2012,28.618178917358623,-31.06384575122078,-6.770266208153208,8.813821265109414
Rs4874|2013,30.97898335012513,-31.93928609283431,-7.455034527458533,10.250540899574311
Rs4255|2013,30.235536118303486,-31.54605078921751,-5.206736454787914,11.303309097167933
Rs9401|2015,35.677262232884715,-37.42002863548252,-14.637728622313059,15.062950956283009
Rs672|2006,31.324095857009773,-35.49092319267979,-13.701213777204298,9.498952144753492
TW6|2003,34.15244260031362,-36.96558627103068,-12.050892763699826,12.227973954243103
CUHK_AG03|2003,34.26688735755737,-37.098628825197444,-12.147558189800785,12.452633493926026
Sin842|2003,34.65855809090858,-37.210704750152985,-12.210694837744793,12.368290121053912
BJ02|2003,34.77669529340111,-37.280281083211335,-11.818038927661673,12.911101836435536
GZ0402|2004,32.619965705499084,-36.01055874044747,-13.020650035658841,10.999403001317134
GZ0401|2004,34.10873398225038,-36.62077201450357,-13.897332276423418,11.750939445844187
PC4_13|2004,33.109512550546,-36.194855067414885,-12.193607323563622,11.45728725158648
PC4_136|2004,32.83846478649142,-35.40875994607306,-12.634873197421122,10.404959685089592
civet020|2004,35.774618129144095,-39.928254150356686,-16.06128181637225,12.578440158980907
HC/GZ/32/03|2003,33.56262958486755,-36.907491496291215,-13.402367134750829,11.06361013725414
Rf4092|2012,28.471794543668214,-33.81485353483635,-12.261817823091182,10.758442046946127
As6526|2014,29.43089591601236,-31.558767332007584,-8.194279077402992,9.377216132840907
Rs7327|2014,29.956973356898473,-31.861429129734965,-8.811260127659072,9.973821393203224
LYRa11|2011,17.090964140381086,-23.655983776962564,3.7627403453024044,5.359489769508364
bat/Yunnan/RmYN01/2019|2019,28.803087301193468,-33.6094543679265,-6.531850028844062,10.95026262409893
BtKY72|2007,28.80563183914041,-41.87659165776892,-10.776213762310288,6.270251129849923
