tipNames,x1,x2,x3,x4
WIV1|2012,40.86831656707159,-22.86977710156837,-44.91425176268589,14.893496135795653
Rs3367|2012,42.349370348786984,-24.213236673698326,-45.63486863489602,16.14316732046117
RsSHC014|2011,40.28095990828078,-24.001492692107284,-45.68272175655557,15.688100734333497
Rs4084|2012,39.298374064889856,-22.959983313390644,-43.54588363350414,14.486226940600798
bat_SL_CoVZXC21|2015,40.54127999376935,-23.849342763063085,-44.60163519397991,18.87169944954528
bat_SL_CoVZC45|2017,32.429361004217164,-15.56873383179018,-33.245401658081434,10.694981785872265
bat/Yunnan/RaTG13/2013|2013,38.5811730173904,-15.790238435362994,-46.70890901302127,14.145483204544261
bat/Yunnan/RmYN02/2019|2019,62.83853497752323,-43.05753541251817,-67.91127043566391,31.175959325395553
Wuhan-Hu-1/2019|2019,55.68732080337143,-33.90085077170829,-62.727511443336546,23.75793546161465
Wuhan/WIV05/2019|2019,55.238493980526705,-33.46919884864764,-62.69279764082324,23.48664993270436
USA/IL1/2020|2020,53.82812927820587,-32.38880313795339,-61.449225686680926,21.694374662807817
Yunnan/IVDC-YN-003/2020|2020,54.0736208462227,-32.57884618310937,-61.87002083211388,21.659817567195354
Japan/KY-V-029/2020|2020,54.06272637328994,-32.540467589322056,-61.4828397476898,21.865037277191362
Sweden/01/2020|2020,53.89548468327001,-32.946532740119444,-61.85990790328928,21.70299125790686
Nepal/61/2020|2020,53.46481535351033,-32.35452075899988,-61.0253920689253,21.441013010782594
USA/CA1/2020|2020,53.924754903300226,-32.414837091783866,-61.53773933037856,21.550591706423084
pangolin/Guangdong/P2S/2019|2019,42.28108348552126,-21.1962565873675,-56.42188444507834,4.416055090019517
Rs4247|2013,45.50050103923927,-28.65646102376527,-49.450548427958864,18.601641509562043
Rs4231|2013,50.22084712419374,-32.08434133489685,-52.5280391165171,21.565564495451
Rs4081|2012,44.362246757957145,-26.884389813818927,-47.86021232360805,18.058274111846803
Rs4874|2013,43.7619028243739,-26.481468113293456,-47.70905548093138,17.308350774522463
Rs4255|2013,44.37093580395886,-27.296568600059405,-48.55757799514942,18.09950437738401
Rs9401|2015,36.06779474370422,-21.060575303845855,-43.02382188380637,12.018108367302505
Rs672|2006,42.58133198042668,-26.777902090941573,-48.606902763539495,15.339760222605793
TW6|2003,39.08536727612931,-24.289902292247305,-44.87155397925111,18.09222707832619
CUHK_AG03|2003,38.93564857226109,-24.262042324650043,-44.67760929910111,17.972375204092994
Sin842|2003,39.46084769526405,-25.050375312738023,-45.03227420099785,17.90338917533781
BJ02|2003,38.70985287466395,-23.72208586398069,-44.47715480158794,17.640205803098535
GZ0402|2004,37.09201189679434,-23.35876420979143,-43.40920274824893,16.16335019369544
GZ0401|2004,35.703719703470064,-20.982215216751026,-41.999468415183394,16.17950099220189
PC4_13|2004,37.362700835392594,-22.28470798165453,-43.082766391039236,17.014195208253838
PC4_136|2004,38.03505710346394,-22.695590801147368,-43.74012315186363,17.454114367646714
civet020|2004,36.75037668098812,-22.904390475921574,-43.932751765588684,16.375993341502014
HC/GZ/32/03|2003,37.1667443601219,-22.66328903357331,-43.600539608302675,17.166475625215824
Rf4092|2012,39.91386203587868,-22.77939093705556,-45.45758016405625,11.82258418950622
As6526|2014,40.52584921442719,-23.70191996781311,-46.46956018323047,15.99459551079222
Rs7327|2014,38.243565406686116,-22.675152886509025,-45.12777615346607,12.812614311662358
LYRa11|2011,37.38604438449775,-21.16015742355691,-37.82439763256966,11.516809275303746
bat/Yunnan/RmYN01/2019|2019,41.26240503827866,-24.724432304828003,-43.44069532495506,16.540364724530853
BtKY72|2007,33.999958745577715,-17.99882068537373,-51.7861205079598,-4.021318694837606
