tipNames,x1,x2,x3,x4
WIV1|2012,-49.05843670223214,31.670797651266547,15.913152653519347,-21.84995818073415
Rs3367|2012,-49.79364543890559,31.90908703736402,15.28112806744168,-21.9503084750915
RsSHC014|2011,-49.74815673047005,33.38645201856327,16.68148457241373,-21.93264577723442
Rs4084|2012,-49.837917432767405,31.933880619232426,13.691342943328992,-22.531025038277257
bat_SL_CoVZXC21|2015,-48.2656433564764,31.738372713100624,11.424354383700384,-26.185289444797373
bat_SL_CoVZC45|2017,-51.78767547909672,32.86228984980163,13.37141892801756,-29.157541811991226
bat/Yunnan/RaTG13/2013|2013,-52.484405394840394,31.94554242263468,12.793443056560971,-30.436648411007216
bat/Yunnan/RmYN02/2019|2019,-42.07510061628808,29.730652487266937,12.080433602932871,-22.205507665974974
Wuhan-Hu-1/2019|2019,-43.96662494329608,28.559022408859185,6.723956923095759,-25.712278584264155
Wuhan/WIV05/2019|2019,-44.57010259310227,28.98254319354782,7.069912839398289,-25.919987700875836
USA/IL1/2020|2020,-43.14129753215855,28.340057054755025,7.699303638153366,-25.373317814765358
Yunnan/IVDC-YN-003/2020|2020,-43.11188002025848,28.519073335162265,7.578062704877106,-25.484973666362407
Japan/KY-V-029/2020|2020,-43.87132143232802,29.576968914961792,8.663993589110929,-26.203144053052096
Sweden/01/2020|2020,-43.66340514837962,29.00933547883333,8.499004312289266,-25.53493907372888
Nepal/61/2020|2020,-43.88506729855806,29.47791009020683,9.003146949293129,-25.60785096565944
USA/CA1/2020|2020,-43.73868935406498,29.202310899732698,9.001858703974207,-24.95442694184525
pangolin/Guangdong/P2S/2019|2019,-33.79612152178131,21.220024961221363,-8.824189534796298,-2.208772789252703
Rs4247|2013,-51.20973767106906,35.20918225229,20.20573635333796,-20.47226044087101
Rs4231|2013,-47.11130974596096,32.19328011525439,15.114378850182515,-20.53219785610156
Rs4081|2012,-50.447919582337654,33.62966672713821,17.815976245209026,-21.167820349588258
Rs4874|2013,-49.029647045958896,33.36165944771626,16.98113575171702,-19.986586414887363
Rs4255|2013,-49.07905994405073,32.86957967498899,15.494938733290786,-21.5593008805825
Rs9401|2015,-50.54769351590287,35.83063898803592,14.721217933558853,-21.472571557123594
Rs672|2006,-46.46503314904628,27.206668440709436,10.559382058547728,-19.400394447112408
TW6|2003,-43.22357898964024,30.31957420800103,14.572758304929417,-14.815650398331934
CUHK_AG03|2003,-43.1386152301676,30.21160796819917,14.436592387724989,-14.8015720294463
Sin842|2003,-43.23594449717869,30.692253962517007,15.286397593240787,-14.787165023401279
BJ02|2003,-43.6079615893631,31.387986264355806,15.91986366182458,-15.117702917447382
GZ0402|2004,-48.26726790424171,34.80300406635074,18.11844628549023,-18.42760495922364
GZ0401|2004,-49.06715577313607,35.291514689565595,19.373433596313713,-19.176978240675176
PC4_13|2004,-47.80495672830169,34.2136348002274,18.835696226182126,-19.614354414110746
PC4_136|2004,-49.9354019824371,35.688187813511284,19.926885460977147,-20.719516394237345
civet020|2004,-46.96037259494572,32.60862912464181,17.074621073212015,-18.72239674097649
HC/GZ/32/03|2003,-47.44870160572966,33.27098180433825,17.26215605749571,-18.893943194388168
Rf4092|2012,-47.97036487612708,31.412100035119014,12.61689660034065,-19.428539101555927
As6526|2014,-45.357059735285446,29.00880991388008,9.585851431689003,-20.57789141924349
Rs7327|2014,-48.085104264721366,30.894236686330647,13.539403360837122,-19.877145298203246
LYRa11|2011,-42.72145972285656,27.653704719083134,7.813584854077371,-13.236869018036245
bat/Yunnan/RmYN01/2019|2019,-39.2937047443447,27.009034186569572,7.669632130711197,-11.218556328731667
BtKY72|2007,-20.109920293914293,2.4104542413393837,-20.45161097649329,-0.7180996990705601
