tipNames,x1,x2,x3,x4
WIV1|2012,74.35385090931686,-49.46973040303129,-52.541827541366004,39.47385449675987
Rs3367|2012,73.46359832360771,-48.81888214361345,-51.801185649270224,38.98118180935515
RsSHC014|2011,68.40738741880789,-45.98052975097013,-48.74631551844786,36.23556193367924
Rs4084|2012,73.48841751560346,-50.446780651501015,-54.8684147981353,39.39550901693028
bat_SL_CoVZXC21|2015,85.97325656057114,-65.48677635299421,-70.23072053918806,42.79550043320917
bat_SL_CoVZC45|2017,84.17976117371349,-64.2666200826951,-66.9476049566934,43.512523639116466
bat/Yunnan/RaTG13/2013|2013,57.652828308483755,-39.105057702557204,-35.547000185699254,17.804529504408404
bat/Yunnan/RmYN02/2019|2019,65.19414788517697,-42.275577892640946,-39.6961523882872,25.216594336002487
Wuhan-Hu-1/2019|2019,56.90301706503373,-40.27238121493484,-34.157531090148204,16.92470714154262
Wuhan/WIV05/2019|2019,57.10759377691189,-40.63401246043654,-34.48140162733106,17.277417505390932
USA/IL1/2020|2020,57.15900932799462,-40.14506093383727,-33.8693658972002,17.258566980614745
Yunnan/IVDC-YN-003/2020|2020,57.540795983302296,-40.52205288794241,-34.0583829176173,17.538497575144103
Japan/KY-V-029/2020|2020,57.16142290618809,-40.1452476274325,-33.877945947865335,16.972205031091
Sweden/01/2020|2020,57.69095438497576,-41.133733841633635,-34.72176497200551,17.56872953555938
Nepal/61/2020|2020,55.42748823699863,-38.71529311920436,-31.839135616028106,16.315135919608664
USA/CA1/2020|2020,56.26155848401283,-39.443316398575455,-33.28965872917758,16.422405931485176
pangolin/Guangdong/P2S/2019|2019,66.905910925352,-53.04694625508642,-42.93018352894795,33.86745762675203
Rs4247|2013,75.4341567247612,-51.415642376074786,-55.287348286906244,38.99414416692149
Rs4231|2013,74.39743933773336,-49.524479981593764,-54.949417482027556,37.66604787523807
Rs4081|2012,73.07191918032011,-49.58334963455856,-53.669482987341766,36.982171753250576
Rs4874|2013,74.2074169290428,-51.24913747658909,-54.51009562158712,37.56678125798377
Rs4255|2013,73.64995872682783,-50.89038250550236,-53.49833969423863,37.15106785833282
Rs9401|2015,78.53912099921698,-59.64075971111106,-59.77918821151888,43.972530609384634
Rs672|2006,66.33858869825718,-42.08946166500478,-47.41728075360155,33.62907325173259
TW6|2003,83.00417753075266,-57.49989552903811,-59.323946699636046,50.341633682929306
CUHK_AG03|2003,83.19166766217013,-57.71263857318546,-59.58001935151947,50.37595093828948
Sin842|2003,82.76090153299447,-56.98488033910989,-59.24135695300432,49.82796494064645
BJ02|2003,81.33736423295674,-56.98651431019672,-57.06375535701177,48.85611456485768
GZ0402|2004,83.00426980225794,-57.88407267150119,-58.99059620752945,50.035108012044816
GZ0401|2004,82.70730098525833,-57.9458003695157,-58.934160665229804,49.27006825060876
PC4_13|2004,82.40763296784118,-56.27319619774955,-56.92988480741818,49.362103045157454
PC4_136|2004,81.92348570694806,-56.61481318584946,-56.52541767995558,49.16976847597601
civet020|2004,82.7294845978914,-58.154474594807894,-57.88609770609104,49.91798423411457
HC/GZ/32/03|2003,82.2541253330386,-57.273690937433635,-57.57711764661393,49.49427197483251
Rf4092|2012,68.64002976531876,-46.809710903011506,-50.5661475567813,33.95439731406459
As6526|2014,73.91438530028285,-52.078973149464034,-53.80881645058456,37.457388201286896
Rs7327|2014,73.83343648839022,-49.190490406152946,-52.66976449968581,38.45220153046479
LYRa11|2011,76.61195239549592,-56.48821707759511,-61.05469425286016,32.64401718527076
bat/Yunnan/RmYN01/2019|2019,71.70691019116158,-46.13549427517184,-50.552138259036234,33.37873129914022
BtKY72|2007,96.21971466905194,-68.34509608905731,-73.9161997314319,52.004295190294684
