tipNames,x1,x2,x3,x4
WIV1|2012,9.972487498422053,-17.69156519740284,-19.213193584570774,2.0036446665643393
Rs3367|2012,10.581854290440306,-17.775199297562896,-19.06133209513514,1.928634691455704
RsSHC014|2011,11.025447441994315,-18.89784773823402,-22.215772420755687,0.9902482992696958
Rs4084|2012,9.94441364990716,-17.15682814051919,-18.175789544606616,-0.9087861786170552
bat_SL_CoVZXC21|2015,11.13295253997091,-20.810994001835702,-22.059821119374792,2.636929933997461
bat_SL_CoVZC45|2017,17.834949414081322,-28.312366820858514,-32.015780739887894,5.338064923652506
bat/Yunnan/RaTG13/2013|2013,2.0956807924270793,-9.769290520142912,-14.317844265264146,-3.5903373042841067
bat/Yunnan/RmYN02/2019|2019,4.635858528123498,-5.0073585438378645,-9.624407731018561,1.0964837045425524
Wuhan-Hu-1/2019|2019,4.9727056004177195,-12.892542167571309,-18.356768233202345,0.8232361876552541
Wuhan/WIV05/2019|2019,4.768171836216343,-12.620458330590669,-17.87587764271732,0.8577879910767002
USA/IL1/2020|2020,5.004094904464664,-12.72525752108215,-19.25200306746235,-0.20670872393568088
Yunnan/IVDC-YN-003/2020|2020,4.526738411992604,-12.058551475287532,-18.81210068197448,-0.3626026917190754
Japan/KY-V-029/2020|2020,4.561146014495829,-13.03329875741094,-18.86580064663022,-0.2930779593063953
Sweden/01/2020|2020,3.5205938083481243,-11.683501165653652,-17.26968721365939,-0.8917640330742465
Nepal/61/2020|2020,4.625631838402202,-12.79720470860995,-18.43642587711497,0.22182211973780322
USA/CA1/2020|2020,4.824895809133169,-12.8948435806515,-18.203308255717722,0.469654896308916
pangolin/Guangdong/P2S/2019|2019,6.251115789246418,-4.901905504936453,-5.636813116767901,7.266952591665213
Rs4247|2013,10.93383831289763,-19.046713599928037,-21.649675922026244,1.30475563761901
Rs4231|2013,9.533644538738987,-15.334602309955065,-18.853919407030048,0.21482234855114926
Rs4081|2012,10.103410213027683,-17.819877494616662,-21.19880241482533,0.8411741486635754
Rs4874|2013,8.682628955230868,-16.380406358553916,-18.351039654967412,-0.3072047790979471
Rs4255|2013,10.194357777520635,-18.65775715549272,-21.26035134568582,1.6665655017540364
Rs9401|2015,14.813326536887441,-22.67503502237344,-26.04283001903511,1.2461678549373556
Rs672|2006,9.461698897198707,-17.151266822738016,-19.093663495450095,2.2217197993616367
TW6|2003,7.113634133720122,-21.54398406955839,-17.45401950820125,-0.6898162784979125
CUHK_AG03|2003,7.368256605586211,-21.716101756138737,-17.7230651523779,-0.37121709706988476
Sin842|2003,8.598822803494357,-22.834476606644355,-18.72200520307073,0.5521470189928579
BJ02|2003,7.4392374399848675,-21.765867633344303,-17.125471689372834,-1.0653235271244486
GZ0402|2004,7.988843246893266,-21.769294136950304,-17.100401412422617,-0.47055013591472267
GZ0401|2004,8.567671193165168,-22.975633568379568,-18.2394551312254,-0.27715545728428415
PC4_13|2004,8.949559502132587,-23.239037326567395,-18.4589865597683,-0.7171355103276711
PC4_136|2004,8.729295834673518,-22.96557746907312,-19.237381739391815,-0.815085587087231
civet020|2004,7.9968563844327365,-21.401776616681275,-16.798924172216797,-0.5769674020397575
HC/GZ/32/03|2003,7.511763461983134,-21.5928051843517,-16.97551524384798,-0.778797233563929
Rf4092|2012,11.631087059896835,-19.749534626077747,-22.850958225271075,0.7013116706646488
As6526|2014,10.04660119906161,-18.420298899163914,-21.216596155968375,1.1962798046554841
Rs7327|2014,12.928998838748665,-20.071383022126046,-24.712705001048835,2.4284525635771828
LYRa11|2011,14.358186349742489,-23.351146868250815,-18.724551378475972,2.96918472292285
bat/Yunnan/RmYN01/2019|2019,8.732907506844157,-16.929872902610217,-20.18431064354152,0.7104296110465993
BtKY72|2007,3.8106966698548668,5.10254790850534,9.453978043940891,2.979879986594397
