tipNames,x1,x2,x3,x4
WIV1|2012,-47.79937254824573,35.94643954070083,54.214097632859755,-29.50883437092044
Rs3367|2012,-48.87836560688944,36.69324016185457,55.23175068687415,-30.565585792943537
RsSHC014|2011,-46.986293252481964,34.55431079649582,52.99481940798616,-29.457560677972097
Rs4084|2012,-48.79852719876167,36.22176000155763,53.78035374290272,-30.853878022763897
bat_SL_CoVZXC21|2015,-44.88740152071476,31.954840242913722,48.60152507030337,-30.381621495228803
bat_SL_CoVZC45|2017,-49.66153524923311,40.70632222079762,55.32910795834624,-31.63538616863075
bat/Yunnan/RaTG13/2013|2013,-69.10682442669749,51.2276197570602,80.35992775873613,-44.087005203199126
bat/Yunnan/RmYN02/2019|2019,-50.049235641682266,34.31355654590766,55.6655007641978,-32.17678927655077
Wuhan-Hu-1/2019|2019,-67.13105300519236,51.704255926696135,73.64180620977838,-37.73639380842966
Wuhan/WIV05/2019|2019,-66.87666386615277,51.325745178504775,73.10085053706591,-37.61697293221668
USA/IL1/2020|2020,-67.19239987072373,51.532526326035466,73.52034759411515,-37.7026044369094
Yunnan/IVDC-YN-003/2020|2020,-66.9736366937809,51.10803439388854,72.99335066239203,-37.3892541342319
Japan/KY-V-029/2020|2020,-67.16903069879457,51.49352619450828,73.56709216311513,-37.87604670402327
Sweden/01/2020|2020,-65.98413143934738,50.09331175950304,72.58947913272927,-37.31907738746102
Nepal/61/2020|2020,-65.24625314022587,49.249215418884965,70.86846722913367,-36.975247077826396
USA/CA1/2020|2020,-65.69738535304975,49.518277229397896,71.1472755129,-37.50937677084531
pangolin/Guangdong/P2S/2019|2019,-63.51183086423536,45.521352781897406,68.35868948119791,-34.08513494581243
Rs4247|2013,-44.333651632085925,33.115414886306716,51.28230553206556,-22.13764468297689
Rs4231|2013,-50.30620913322904,37.437458616476164,59.68102945637188,-28.921667103322317
Rs4081|2012,-47.23014501165061,34.8766973075662,53.88789203000295,-26.661926701049467
Rs4874|2013,-47.89177663330648,36.23768396165688,56.331293871986276,-26.94705976573238
Rs4255|2013,-47.234108051989,36.04394289543566,54.57940509996729,-27.724407836816436
Rs9401|2015,-48.35335072072478,40.661640319746795,58.68228775166711,-29.09012251270838
Rs672|2006,-50.54585212541709,37.35711944898384,53.7332224602707,-30.637846490051007
TW6|2003,-36.86124019080615,27.716614974649534,46.89972703261301,-25.000822570260034
CUHK_AG03|2003,-36.43712124628075,27.48794826758107,46.478191941578885,-24.730807436844298
Sin842|2003,-36.482379423754104,27.542961183470887,46.06128133298099,-24.751375248124184
BJ02|2003,-37.48340661382332,27.641233163787867,46.919484196646444,-25.86673660629047
GZ0402|2004,-36.92930686170239,27.001679372696692,48.180041377227454,-25.19324548452696
GZ0401|2004,-36.757062914106754,28.061887097879154,48.66017795426021,-25.128650629399974
PC4_13|2004,-36.60950849020985,26.922762251424697,46.99302083805668,-25.147685292322443
PC4_136|2004,-37.269421921534004,27.175492645047783,47.694739905579866,-25.529900256738593
civet020|2004,-34.61449547734738,25.675759512986364,45.60221358468743,-23.3239135385503
HC/GZ/32/03|2003,-36.25444137074504,26.887856119390424,46.7336459489802,-24.669659047775912
Rf4092|2012,-42.747598728469036,31.87062187385791,49.1278483628714,-28.00430284102357
As6526|2014,-47.45131202251896,35.96283548770107,55.41921580762638,-27.745588890542837
Rs7327|2014,-46.34661998606344,33.68634448856752,54.007838937532505,-27.97842090918459
LYRa11|2011,-42.63722886773641,40.87479871447282,54.18851041956512,-28.914822019368444
bat/Yunnan/RmYN01/2019|2019,-43.57832594154562,35.958310930834955,51.42267478154174,-25.49705837988621
BtKY72|2007,-45.05990739361927,30.99804093147126,36.034955983173504,-31.380706190150548
