tipNames,x1,x2,x3,x4
WIV1|2012,-22.94222873141892,21.22147498567992,13.836802376797106,-29.99805915884381
Rs3367|2012,-21.205612195227825,19.914911532916832,12.45284218072987,-29.089004158557113
RsSHC014|2011,-22.970007570179252,19.759031366448426,15.589089575210886,-31.212618503737605
Rs4084|2012,-21.576903185130085,19.487659011630978,13.571520508388668,-29.19840675157013
bat_SL_CoVZXC21|2015,-18.144993090597517,18.53477639108128,10.21385323366998,-25.728467141905345
bat_SL_CoVZC45|2017,-9.628247445479959,12.874570237654265,7.782619893974229,-20.754083052354424
bat/Yunnan/RaTG13/2013|2013,-23.19269223996239,11.326282320342159,7.700504866737552,-35.73527095668806
bat/Yunnan/RmYN02/2019|2019,-31.15245764751483,19.17486895153969,13.906690159217167,-39.459361910652106
Wuhan-Hu-1/2019|2019,-21.41385725651236,9.814989957297392,8.37883124554505,-32.9420925072799
Wuhan/WIV05/2019|2019,-21.655594625560163,10.191077995653206,9.237788298939465,-32.89868190330549
USA/IL1/2020|2020,-21.947376830599268,9.680866387357018,8.662027347567545,-33.39477967967972
Yunnan/IVDC-YN-003/2020|2020,-21.784595660931966,9.723096981943014,8.666373496629623,-33.35377272785058
Japan/KY-V-029/2020|2020,-21.87116578226664,9.195477039615618,8.372788122408236,-33.403458933400806
Sweden/01/2020|2020,-22.668885542678677,10.77719120873712,10.141458920529608,-33.35192393975445
Nepal/61/2020|2020,-21.652501915232367,9.300893186514358,8.94670413055757,-32.67333839919491
USA/CA1/2020|2020,-21.87382492152834,9.823406095479877,9.370155641896412,-32.85022179792701
pangolin/Guangdong/P2S/2019|2019,0.04749124344518485,-0.5114886806831382,-9.709217565246682,-19.65829711246876
Rs4247|2013,-25.786377829622577,23.550508680135252,16.823653518916636,-34.088999704340914
Rs4231|2013,-21.434816630293465,21.2426094306812,12.611542501971696,-30.269053275610343
Rs4081|2012,-24.18683086706845,21.0041927340569,14.235328980255192,-33.38843609390576
Rs4874|2013,-24.473211508828793,22.06434833834972,14.26890725385406,-32.74682820626267
Rs4255|2013,-23.23061580330675,21.352990540499793,13.119790563646834,-31.564878891262257
Rs9401|2015,-20.81521919352573,15.938184440146221,13.158225454784194,-29.357799855703526
Rs672|2006,-28.74222557389257,25.771451956229456,17.671900258709137,-36.13895097625213
TW6|2003,-29.259561394782622,23.844616023611906,19.20912818990732,-36.72028727250271
CUHK_AG03|2003,-29.362368049627804,24.008678762088962,19.32827629348352,-36.8235147564936
Sin842|2003,-28.98761944977822,24.156815436186722,19.616852684478033,-36.41272498736963
BJ02|2003,-30.72091350618364,26.368775598338175,21.591601526100224,-37.471454622003854
GZ0402|2004,-31.108145052050833,27.06812560133239,22.426322535139537,-37.00372690055828
GZ0401|2004,-30.0371546277686,26.68040074352477,22.027674338779587,-36.36890137637424
PC4_13|2004,-31.680849503229012,27.89627988590708,22.528451920421745,-37.707479541341165
PC4_136|2004,-30.26078438193166,25.575819973272466,20.907455178897,-36.53734417443703
civet020|2004,-31.25641959462822,27.379727689722177,22.609461510688774,-37.16260021049162
HC/GZ/32/03|2003,-30.994337770068185,26.991844907423932,22.579748278997126,-36.857031078848095
Rf4092|2012,-23.172592076367366,20.828993510924896,14.929136193735124,-31.218330192424144
As6526|2014,-20.328846240928996,18.213412293814905,11.30744144110495,-28.451345953264294
Rs7327|2014,-20.746701108059774,19.082277142240017,12.61611892373774,-29.829330356807816
LYRa11|2011,-26.872258154704518,28.28521037289161,17.164505512118865,-40.62992559254772
bat/Yunnan/RmYN01/2019|2019,-28.48175154316915,30.465664473323407,24.620897803754865,-34.45486182919129
BtKY72|2007,-13.06767044875531,13.625348548859794,5.1123822992558825,-23.98659710373939
