tipNames,x1,x2,x3,x4
WIV1|2012,43.79804909827703,-20.324837315436874,-42.32413791101094,45.19468996046558
Rs3367|2012,41.57708586312378,-18.753143555162886,-40.68732991569396,43.65131530405442
RsSHC014|2011,40.8663061562503,-17.08029034780692,-38.77898024829374,42.352047126075036
Rs4084|2012,45.971961280159434,-20.253120119947496,-43.10680103851248,45.128289713494034
bat_SL_CoVZXC21|2015,54.213683502627724,-29.038465952807712,-51.75370972419159,46.74774334131941
bat_SL_CoVZC45|2017,52.669278345632804,-29.094717791447867,-48.061805557744684,47.37196025939382
bat/Yunnan/RaTG13/2013|2013,28.012103741939413,-16.073541796926,-36.74896877771966,32.10616456468381
bat/Yunnan/RmYN02/2019|2019,34.01672330789066,-21.646621170409958,-41.61900782764583,36.74374027426313
Wuhan-Hu-1/2019|2019,45.919219454635034,-26.217778028490212,-52.54029154065439,47.177509774293526
Wuhan/WIV05/2019|2019,46.4038970080024,-26.66639031049873,-52.77016280175072,47.633677004436294
USA/IL1/2020|2020,46.30340908516633,-27.26430574489928,-53.08129215534495,48.11058153042456
Yunnan/IVDC-YN-003/2020|2020,46.43673452247456,-27.688592123375077,-53.06955673620222,48.017396563835874
Japan/KY-V-029/2020|2020,46.581138858342214,-27.633125610718743,-53.12793744495665,47.970439390636955
Sweden/01/2020|2020,46.22381274371819,-27.318710026105393,-52.6802094356402,47.43385384370767
Nepal/61/2020|2020,46.78699099295782,-27.929288655660358,-53.1420627272864,47.200959424119965
USA/CA1/2020|2020,46.12698488659761,-27.731374577412723,-52.910926178466,46.8293381133314
pangolin/Guangdong/P2S/2019|2019,54.89501244250956,-34.06621875925345,-57.78597084991601,54.278189307922666
Rs4247|2013,41.05195183106673,-19.04722003475609,-38.41415788907118,43.01023379660933
Rs4231|2013,42.38202278923476,-18.250551178461716,-39.347393462091226,44.64138305321346
Rs4081|2012,42.821911190010475,-20.890703042680208,-41.539779488675144,43.78093878618819
Rs4874|2013,38.56449661470923,-17.361853094220415,-37.68463094307541,40.48312834488557
Rs4255|2013,41.21138273451981,-18.4882800109901,-39.20308889115482,43.6136161427823
Rs9401|2015,43.96038903503739,-21.153073381143482,-42.71145466633773,41.11720552500818
Rs672|2006,44.553055387382116,-23.044306665099384,-44.513991757793924,41.876013980382076
TW6|2003,46.89076537014302,-23.964246025968666,-45.35064616947809,48.740900702750366
CUHK_AG03|2003,47.09116289193277,-24.083146166504502,-45.46485654668099,48.603107346086496
Sin842|2003,46.5180864295896,-23.66552459618557,-44.921248331043664,48.83321616781315
BJ02|2003,46.05925395536273,-22.628547352248756,-44.192769076221715,47.79245694885705
GZ0402|2004,45.86302105273392,-22.39786091087229,-43.1726419415883,48.580036145631524
GZ0401|2004,45.423414417615454,-22.47830636987605,-42.87739573828043,48.194232700644534
PC4_13|2004,44.90703820226756,-21.8344838943135,-42.12383089751871,47.98250246391741
PC4_136|2004,43.80080852964282,-20.917047432134964,-41.28288039856177,47.723304343769755
civet020|2004,45.4728206212438,-23.57421016502147,-44.0914325032138,48.5329561711571
HC/GZ/32/03|2003,46.51447551595388,-23.49337801741254,-44.12199864236245,49.23368942391999
Rf4092|2012,43.77211012775789,-18.13443296408471,-40.90487561803223,42.58674175475444
As6526|2014,46.24776584139086,-21.364811123275782,-43.701756856547654,46.474146320855354
Rs7327|2014,46.67092987560159,-21.89134822866404,-44.69350961472277,45.83184817789881
LYRa11|2011,52.33919841837094,-23.348752742036922,-47.784237225358076,55.49341308839173
bat/Yunnan/RmYN01/2019|2019,46.2037235038999,-23.14571178910505,-41.90572059339221,45.667114272472595
BtKY72|2007,10.117074074195045,3.0831901200482577,-25.343207792359333,6.618377570692768
