tipNames,x1,x2,x3,x4
WIV1|2012,-43.6489846821768,44.80782733458991,39.14147235899678,-34.798893476353626
Rs3367|2012,-44.764802256529585,45.46635007674885,39.761662226157185,-34.46008443173753
RsSHC014|2011,-44.37973858333582,45.50060966800703,40.10339650871524,-36.127219861655476
Rs4084|2012,-43.91773229648472,45.33395780437416,39.09283431071038,-36.24309934762717
bat_SL_CoVZXC21|2015,-44.743067311307264,50.26537931391592,39.60649378397045,-45.600811194843715
bat_SL_CoVZC45|2017,-51.78585797767971,54.958323904248296,49.49874667308287,-44.300377436745286
bat/Yunnan/RaTG13/2013|2013,-54.24993455579234,63.48796415029749,62.27489691439809,-51.65154523886535
bat/Yunnan/RmYN02/2019|2019,-46.11955778753044,59.43136223209476,55.472351614061594,-43.41550454532638
Wuhan-Hu-1/2019|2019,-54.23573222141304,60.47584385041792,60.002362062824005,-51.115001289226655
Wuhan/WIV05/2019|2019,-54.34784125227603,60.47549597712866,59.691535919614324,-51.09142915294878
USA/IL1/2020|2020,-53.81939800247073,59.73006185339652,58.57056801979237,-50.61341896125938
Yunnan/IVDC-YN-003/2020|2020,-54.5996036166553,60.33371872520516,59.655500114936224,-51.14118860340607
Japan/KY-V-029/2020|2020,-54.36186231952014,60.47919095718931,59.210688822952484,-51.38192351526551
Sweden/01/2020|2020,-54.7461565079039,60.89249796029574,59.86215730209296,-51.417172497472635
Nepal/61/2020|2020,-54.15619310172347,60.560719532798004,59.568254181564555,-50.76457016837901
USA/CA1/2020|2020,-54.507248281432986,60.65162666257183,59.60004501137395,-50.838256983424955
pangolin/Guangdong/P2S/2019|2019,-53.91713669054113,56.627486536231174,43.18692664656772,-51.97621837374551
Rs4247|2013,-48.048640157869116,50.89266963508537,46.33999621133217,-36.04651017628429
Rs4231|2013,-44.85080644775957,45.968768823909464,40.701105285212776,-37.037513054138564
Rs4081|2012,-44.82299352020496,47.21196113865008,41.48877432834064,-35.09877935884062
Rs4874|2013,-45.819185595102404,47.64316678201021,42.74121768267125,-35.53555587312577
Rs4255|2013,-44.90281412645228,46.96761649828506,40.891827981584356,-35.94471772207476
Rs9401|2015,-40.46192098952261,44.04254287856204,38.259389636228995,-32.77696548190735
Rs672|2006,-41.280279161541806,42.774670415002745,36.493202957263044,-35.21514928995208
TW6|2003,-36.80024233974078,40.813495679929666,30.580755895149935,-33.264758868421765
CUHK_AG03|2003,-36.775037395906296,40.7869475672861,30.722614685104162,-33.17857763914445
Sin842|2003,-37.67478664170378,41.99098154370167,32.240137977444206,-33.102143165229876
BJ02|2003,-36.91739846221119,40.242457460236324,30.720901309374536,-33.32746341784373
GZ0402|2004,-41.70988669525429,44.78531346607658,34.16037268416945,-37.53924437526892
GZ0401|2004,-42.240846078070945,45.78419835748252,34.543566761062145,-37.68193091359627
PC4_13|2004,-40.48543521889912,44.5458379241692,33.96235362251375,-36.094612432945375
PC4_136|2004,-41.19533356125359,44.689213236164136,34.03252254078207,-36.42486410680191
civet020|2004,-40.379030390898194,43.8859148161422,33.050283439065495,-36.144298113918566
HC/GZ/32/03|2003,-41.595649128657584,45.05656987487648,34.52854626578057,-36.774574278905554
Rf4092|2012,-38.9318902891724,41.43356404180962,34.74732591202069,-32.4575690843732
As6526|2014,-41.17868983273589,43.231826650149735,36.39504601576431,-33.723581491881426
Rs7327|2014,-42.261259819579735,44.2116906600672,37.30295998289413,-35.40900603818838
LYRa11|2011,-41.04076704941987,40.322731047654926,30.784873038887817,-37.61360785702883
bat/Yunnan/RmYN01/2019|2019,-40.91956043245022,43.80543201124137,32.77960767069977,-34.479690489236944
BtKY72|2007,-39.64800585977046,55.03744883680852,47.34780846125718,-23.34811567594463
