tipNames,x1,x2,x3,x4
WIV1|2012,-40.03525951883458,54.48402662346103,60.87930887192964,-38.6318675898228
Rs3367|2012,-40.83334483432305,55.163427690310975,61.18505016307601,-39.42102601213876
RsSHC014|2011,-36.23866221095025,50.67109107638186,57.226387202418664,-37.27442304839158
Rs4084|2012,-37.43284877299482,53.3830039289352,59.81676006586251,-37.93169022254011
bat_SL_CoVZXC21|2015,-30.204380526408645,51.16280164582575,56.402846717053336,-34.377600889755826
bat_SL_CoVZC45|2017,-31.86310540344889,51.68536240355741,56.76650967636897,-35.806759221573394
bat/Yunnan/RaTG13/2013|2013,-42.80170687661738,52.62498143776317,54.88154688543942,-48.69533084123672
bat/Yunnan/RmYN02/2019|2019,-47.87663345194873,59.36302175966174,68.99604661907813,-41.962901404745075
Wuhan-Hu-1/2019|2019,-41.062400249597374,52.06807710363584,55.64501704923624,-42.40352298065954
Wuhan/WIV05/2019|2019,-40.52299621901803,51.48569265383524,54.923030001029886,-42.20842815069604
USA/IL1/2020|2020,-41.96135955450193,53.2257106291047,56.208753887202164,-43.13934092662044
Yunnan/IVDC-YN-003/2020|2020,-41.5687962477226,52.7703827611357,55.8529235239389,-42.79912920289421
Japan/KY-V-029/2020|2020,-40.36474015152459,52.010921707486766,55.08236025431764,-42.558091535537
Sweden/01/2020|2020,-41.44609332016892,52.590574183303744,56.07773877703249,-42.75859877237629
Nepal/61/2020|2020,-41.10318017518511,52.47205095405226,55.63437713292424,-42.09673430318534
USA/CA1/2020|2020,-41.35825162180813,51.69449801833614,55.058027467171776,-42.11193719647297
pangolin/Guangdong/P2S/2019|2019,-47.66752059072129,65.82716659228363,76.31942315950565,-48.99843552891178
Rs4247|2013,-37.03272901457943,52.37396634876698,62.61212748120932,-36.466054010258006
Rs4231|2013,-42.37226479976856,57.109636241814755,66.30148484706993,-39.25201174821715
Rs4081|2012,-38.073804272417355,52.70548869998674,61.115746873868034,-38.1677804820666
Rs4874|2013,-37.38133698696515,51.18925894404436,58.84474351997381,-36.98525477697371
Rs4255|2013,-38.5837032669067,53.352233158966186,60.388568146653036,-37.69522171846295
Rs9401|2015,-39.37274015395934,51.919855365235506,57.88808819101032,-42.612981525962006
Rs672|2006,-39.726512448090276,52.837463847660906,63.69932036298532,-38.98169607199313
TW6|2003,-41.35690253788838,58.75149014817767,66.0121018829089,-39.56605937211525
CUHK_AG03|2003,-41.43012670887762,58.84474774742662,66.15115587742018,-39.52938407033726
Sin842|2003,-40.69379446756497,57.85942581962757,65.27359042035006,-39.28419062355963
BJ02|2003,-39.79988092988252,57.143030854002966,64.1911539091193,-38.54177435532663
GZ0402|2004,-40.417358958253736,56.69025399122098,63.19249648917884,-39.08903049061827
GZ0401|2004,-40.29649102254895,57.25449471449523,62.7997962710157,-39.285493212876695
PC4_13|2004,-40.45191780557204,57.200718605299315,64.09587320809015,-38.16292670214895
PC4_136|2004,-40.6746777364785,57.95186509321405,64.08484225946748,-38.246349046952126
civet020|2004,-40.367521678615056,57.6841983505467,64.59096556047744,-38.70212623221066
HC/GZ/32/03|2003,-40.57354768426638,57.23820299244546,64.0617801287971,-38.869037965370666
Rf4092|2012,-34.6332318431693,49.89316259688547,57.9243292416156,-33.701647262998065
As6526|2014,-38.642940388164284,54.419048017366215,60.735697041050045,-38.600318612738086
Rs7327|2014,-37.23765570785446,52.64393550427214,58.972993591551244,-36.89615265832411
LYRa11|2011,-38.47741893507113,62.30630913809058,62.1439174959902,-38.661636826531584
bat/Yunnan/RmYN01/2019|2019,-35.57423228653134,52.148553020214344,56.14385246122475,-40.20424826717455
BtKY72|2007,-55.285079576595805,74.2192834402535,89.66349740990721,-28.191955854056626
