tipNames,x1,x2,x3,x4
WIV1|2012,-11.538893211959746,-18.90512346085251,7.276031130607324,-5.389439300421299
Rs3367|2012,-10.679554960625342,-18.67706502958502,6.878947839318216,-4.787053545868593
RsSHC014|2011,-17.2000293820642,-13.493292342829351,13.379673746951262,-7.473144250144274
Rs4084|2012,-11.95591438869326,-18.159777562801953,7.535309409256928,-5.4421405757408365
bat_SL_CoVZXC21|2015,-3.085406953929481,-26.131150041948395,-5.623390509378119,-1.7093094504972193
bat_SL_CoVZC45|2017,-11.813802683153602,-18.721193569520388,5.799835205653283,-6.466354100517495
bat/Yunnan/RaTG13/2013|2013,-3.33828752692284,-25.641228391105546,3.828498586296872,8.894835398935879
bat/Yunnan/RmYN02/2019|2019,-6.727245421973073,-23.98738969842576,7.84976676591203,8.556650723612982
Wuhan-Hu-1/2019|2019,-4.854322032299543,-22.559207344136638,4.561755437853586,8.167654777546998
Wuhan/WIV05/2019|2019,-4.095925361981388,-23.266336202240545,3.937269817696613,8.92100254697218
USA/IL1/2020|2020,-5.469865079667367,-21.324675319550074,5.1291407158417694,7.677290765209667
Yunnan/IVDC-YN-003/2020|2020,-5.004361133931723,-21.679080382566642,4.224517541931748,7.952686897407489
Japan/KY-V-029/2020|2020,-4.130551818349522,-22.728128074387357,3.108244216410141,8.345702088082659
Sweden/01/2020|2020,-4.56116557793759,-22.335397316427617,3.657653483556315,7.9963447764699085
Nepal/61/2020|2020,-4.998132320657203,-21.95497275193728,4.067858128558617,7.612336906465297
USA/CA1/2020|2020,-4.517887492049217,-22.587500246824483,3.9126754402864226,8.36355291515381
pangolin/Guangdong/P2S/2019|2019,-1.8208380699898132,-27.78985109700153,-2.692259490132049,2.41775935022184
Rs4247|2013,-13.986022011770071,-17.16315328514844,8.615254217794995,-7.383472193385604
Rs4231|2013,-7.436903978081373,-23.624855290113953,4.1669275613101835,-6.127279864754739
Rs4081|2012,-14.096825687510687,-16.026028729338137,11.061651198624801,-6.673573612855525
Rs4874|2013,-14.02554542654584,-17.580811597381057,10.637447939511556,-7.283029027594264
Rs4255|2013,-12.611260996598974,-16.947771208754837,8.01178784625661,-5.610722506858379
Rs9401|2015,-7.6962879679890985,-20.270288704190442,3.547426177573095,-2.3387929971573373
Rs672|2006,-17.440690081649667,-13.47339628950604,13.586707836148168,-8.279339566175395
TW6|2003,-8.784566176928182,-20.77327111699799,5.835684560032532,-1.8367849046449125
CUHK_AG03|2003,-8.856197671775675,-20.843483632021776,5.842175574927713,-1.8225620069872583
Sin842|2003,-9.33021178255029,-20.212395572499016,6.493505575848058,-2.1194364782204937
BJ02|2003,-9.65191012059505,-18.98091270561884,7.593821230678028,-2.3473600515593747
GZ0402|2004,-8.74193785377371,-22.343635149459733,4.710142510398076,-2.5453862895212707
GZ0401|2004,-7.895617019260422,-23.23135167707511,4.175031729034071,-2.052119396046938
PC4_13|2004,-6.575193196018297,-24.79539072229064,2.570870077317047,-1.755233619394527
PC4_136|2004,-6.902177793059128,-23.896800625515805,2.633124407800363,-1.4180598025866997
civet020|2004,-7.263778738762584,-23.511014435524007,2.8666539064435588,-1.7351506891722823
HC/GZ/32/03|2003,-8.720881988000322,-22.353235657319093,4.776219368509761,-2.4160360347185668
Rf4092|2012,-10.396525475566337,-17.388730646714407,6.906939326233507,-3.2744224150928867
As6526|2014,-11.47672448766568,-18.161130538031493,7.37904607375747,-4.548589586996934
Rs7327|2014,-11.877679953146133,-17.018361377233095,8.226911146418116,-5.54010437122746
LYRa11|2011,-7.178470627607899,-19.638513861110685,9.68523880218635,-8.785703841568628
bat/Yunnan/RmYN01/2019|2019,-14.077576783101042,-16.27464159573132,10.192954851593397,-7.631392703385664
BtKY72|2007,-29.76681326628309,-7.22735611915821,21.600193113008057,-12.135898505509116
