tipNames,x1,x2,x3,x4
WIV1|2012,-41.926749575285086,57.798981618539244,45.990964759923244,-18.505760702945324
Rs3367|2012,-40.5941874730562,57.104184202079495,44.89908483386633,-19.052329061142988
RsSHC014|2011,-37.92381985771894,54.81507895115106,43.508286650773464,-15.53338032078045
Rs4084|2012,-36.82298664309491,54.52076346457401,42.5402161451031,-15.025230855127552
bat_SL_CoVZXC21|2015,-33.85094708868676,49.742976565873455,41.97245406242795,-11.127707497667524
bat_SL_CoVZC45|2017,-46.67616691788454,62.52673712081618,52.815360830594514,-20.991641521086727
bat/Yunnan/RaTG13/2013|2013,-38.700146790999355,56.70481567738684,51.97965347958968,-20.99189301499293
bat/Yunnan/RmYN02/2019|2019,-37.80614000546041,59.723122614381,52.754753989323575,-24.187383146354964
Wuhan-Hu-1/2019|2019,-36.233343141123385,55.19796540492563,48.717936780459695,-17.962959834513647
Wuhan/WIV05/2019|2019,-36.08852077373946,54.639133182412756,48.156468897338264,-18.013444412312076
USA/IL1/2020|2020,-35.53197057069148,54.77587247224254,47.60170216047682,-17.94107111195637
Yunnan/IVDC-YN-003/2020|2020,-35.68285640135,55.009855447888214,48.005085985326104,-17.956911890222365
Japan/KY-V-029/2020|2020,-35.222589795378184,54.26198726569118,46.78743204894481,-17.929493030687986
Sweden/01/2020|2020,-35.12150034154628,54.30389101901041,47.822194250977425,-17.667531957175065
Nepal/61/2020|2020,-35.912743622086204,54.967939351236744,48.49616771351047,-18.195810224199793
USA/CA1/2020|2020,-36.185194459423315,54.88796472811343,48.38502636445521,-18.160921949290408
pangolin/Guangdong/P2S/2019|2019,-45.11801417791761,61.710339156339415,54.98724529975175,-25.49041701215394
Rs4247|2013,-38.6379063497126,55.65398296789707,43.64928528239344,-13.652556955655738
Rs4231|2013,-41.01794965054405,57.386407120451274,47.71977681435283,-17.15303337062635
Rs4081|2012,-39.36457224492725,56.44857241783262,44.55119502005975,-15.062363941592714
Rs4874|2013,-39.44949605293262,55.792029671690756,43.63716610310836,-15.905715978263578
Rs4255|2013,-38.88143905433434,55.93906852971361,45.57305398341758,-14.015014440276504
Rs9401|2015,-38.364465407905385,56.86113285466147,45.3148853002683,-14.005973308729972
Rs672|2006,-36.76588894612498,52.10586763699067,39.704699764329625,-16.960669352800274
TW6|2003,-34.95638290262249,53.551618849057924,42.692796298849885,-16.54187791340769
CUHK_AG03|2003,-35.23881870963718,53.890272613870955,43.151951180857964,-16.629572702980287
Sin842|2003,-34.7034911683834,53.18265823205203,42.25635801929452,-16.40097657360846
BJ02|2003,-36.3165360330246,55.00626741199551,44.380151458505125,-17.166783263343074
GZ0402|2004,-36.69892673529842,55.22823665449222,47.169236319202106,-15.944097024582097
GZ0401|2004,-35.996138488674546,54.0836368596935,45.47352845929817,-15.37148113526642
PC4_13|2004,-35.75266416906183,54.19374896073899,45.31050799844642,-15.498859893266085
PC4_136|2004,-34.67633758218268,52.98397907670052,43.61519301966651,-15.321183745541793
civet020|2004,-34.97029890221173,53.826775613088415,43.34397513014073,-15.355369389569548
HC/GZ/32/03|2003,-34.736773926529295,53.67927045651844,44.14382918586205,-14.525686780342113
Rf4092|2012,-33.75003153484301,51.29970165260013,39.5852558082967,-11.40936185051241
As6526|2014,-38.96740779843102,54.36178789378363,44.261331250090876,-14.926945714795597
Rs7327|2014,-36.83758429562552,52.418448119626184,42.044202445403386,-13.494942376145925
LYRa11|2011,-44.78559538061119,58.75777689535375,49.69157040060852,-25.611268463706025
bat/Yunnan/RmYN01/2019|2019,-37.46647972685267,56.24771025963922,46.04060666507318,-15.736933223796091
BtKY72|2007,-49.935497985916236,53.192259227114846,70.95113651320558,-19.469918174971458
