tipNames,x1,x2,x3,x4
WIV1|2012,40.57593920288187,-27.453821512072228,-48.934918157266694,7.710272390769125
Rs3367|2012,41.7107713762456,-29.084151560353682,-50.97588217990192,8.409938475292787
RsSHC014|2011,42.22500846016305,-29.37889336348333,-50.055564217223946,9.41741062266668
Rs4084|2012,42.65966054850115,-30.819616940233686,-51.250248293714364,10.208714703518332
bat_SL_CoVZXC21|2015,36.3657236304678,-20.82592095005902,-49.26914915222173,4.749081411724776
bat_SL_CoVZC45|2017,32.62667013525203,-18.78854016874192,-42.108311961950875,5.232699527685626
bat/Yunnan/RaTG13/2013|2013,39.001069797798664,-22.03051918600744,-45.16484249765271,9.491775612565032
bat/Yunnan/RmYN02/2019|2019,32.6583323324253,-18.390626058614636,-42.50186245519352,8.716083974407109
Wuhan-Hu-1/2019|2019,26.750330741136597,-12.347676891991046,-32.39145696907319,9.266028560437213
Wuhan/WIV05/2019|2019,27.13755233960148,-12.532012167011072,-32.90892476626962,9.72204224979643
USA/IL1/2020|2020,28.026777847434506,-13.779516825414351,-33.57833709941671,10.158048878195565
Yunnan/IVDC-YN-003/2020|2020,28.157270063470616,-13.827613211910503,-34.10995427446199,10.218412620511973
Japan/KY-V-029/2020|2020,27.95607511990966,-13.783748569618119,-34.26663014640064,10.22293030269735
Sweden/01/2020|2020,27.494623048468206,-13.088633963564309,-33.42388199209359,9.827758953258684
Nepal/61/2020|2020,27.49323901906684,-13.729593628519016,-33.85722770451367,9.745331888768291
USA/CA1/2020|2020,27.86893041437862,-14.043970770909267,-34.08675938489189,10.01600945400125
pangolin/Guangdong/P2S/2019|2019,43.43604760635971,-35.83377102846331,-56.69440589715316,9.15028314418523
Rs4247|2013,39.65500287983394,-27.671929489195946,-46.682750062592916,7.276404999769621
Rs4231|2013,40.43391142417382,-27.55267969771769,-46.733574030502155,8.579911917614604
Rs4081|2012,42.043777248767945,-29.239778551999454,-50.114434959017096,9.289509571397595
Rs4874|2013,41.004517662427745,-27.76184668056344,-48.144290405417664,9.497149598073959
Rs4255|2013,40.280733217136074,-27.490503612077053,-48.299337148286305,8.862755033193727
Rs9401|2015,44.677376248999906,-30.942576052094566,-54.166239905225716,12.244374810627367
Rs672|2006,39.58272237409198,-30.143625220882022,-51.367055861330186,6.71071216182209
TW6|2003,42.39066477544125,-28.40566176587206,-43.67296469642053,10.38572199469967
CUHK_AG03|2003,42.44215639535094,-28.480261152993844,-43.7004337070962,10.518941786331357
Sin842|2003,43.099346219332034,-29.112229352783555,-44.37116959878849,10.39189788291113
BJ02|2003,42.04154553926008,-28.535790265020534,-43.228504758754845,9.26831195064943
GZ0402|2004,42.41602070386582,-28.715518597084692,-45.70907434551164,9.394092164544578
GZ0401|2004,44.74251693901762,-31.21400745412201,-47.325930920287725,12.258280115406144
PC4_13|2004,43.7492581473196,-29.996604262875536,-46.764495316954985,10.776984496282045
PC4_136|2004,44.20057531854786,-30.305909958233062,-47.22247152106916,10.611742179546349
civet020|2004,41.47506224598877,-28.301518576007176,-43.87742953450975,9.72922275026194
HC/GZ/32/03|2003,43.0215302867695,-29.745252097724514,-46.29630955982326,9.959777607652162
Rf4092|2012,38.98978866081272,-27.051341946101992,-47.05832548805452,5.702348459639659
As6526|2014,43.68580557445002,-30.472848642154233,-52.05417407025976,9.47165357896161
Rs7327|2014,43.42622337461846,-30.311621539401372,-52.62583953078539,9.554971906943509
LYRa11|2011,48.18330423168866,-34.2241609831253,-58.864857395738326,13.756440824935508
bat/Yunnan/RmYN01/2019|2019,50.17548076445248,-36.469397453803786,-59.41364152675138,15.215819498511225
BtKY72|2007,29.504873560481116,-23.267988868249837,-56.6172511255145,2.6677065777206366
