tipNames,x1,x2,x3,x4
WIV1|2012,81.78209047888721,-72.05259028019857,-75.76179739521116,55.17413092118652
Rs3367|2012,83.42319847423236,-74.35172272382779,-77.88441485354025,55.457336771263975
RsSHC014|2011,84.81224353620705,-75.33200881098836,-76.67635724777853,58.41213915850939
Rs4084|2012,84.23455260501532,-73.30968792391981,-75.49829583134472,58.20686844044787
bat_SL_CoVZXC21|2015,75.71772152477104,-70.27329989968506,-75.12215351307707,48.91100487615725
bat_SL_CoVZC45|2017,77.03601476900293,-70.10688043368798,-80.28576608124226,49.11835600223459
bat/Yunnan/RaTG13/2013|2013,82.83777073580168,-69.21805033829634,-69.94733548026389,55.65952739526416
bat/Yunnan/RmYN02/2019|2019,86.09222484199141,-73.91445385440004,-77.61084169273617,52.83785497632373
Wuhan-Hu-1/2019|2019,84.63285737385425,-73.89968829391367,-74.65430739201139,56.134829351839606
Wuhan/WIV05/2019|2019,85.08421538764374,-74.35164971048579,-74.91998639537654,56.07366220766151
USA/IL1/2020|2020,83.7542783865723,-72.67886686803178,-73.8805126276626,55.95917215130744
Yunnan/IVDC-YN-003/2020|2020,83.84871653002998,-72.95521673691239,-74.2477386759934,55.54269705130599
Japan/KY-V-029/2020|2020,84.31116001735005,-73.30428408842886,-74.604027695611,56.20317503430859
Sweden/01/2020|2020,83.93573860973589,-73.03393812316563,-74.22535409133582,55.64710916669565
Nepal/61/2020|2020,83.74055981206364,-72.47270088413848,-73.84393824143672,55.78431596274025
USA/CA1/2020|2020,84.34346513429229,-72.74052078846604,-74.32025728003066,56.34480982933835
pangolin/Guangdong/P2S/2019|2019,78.5849603323949,-65.12945048267608,-74.99536757712362,52.3940236642465
Rs4247|2013,82.99654523893619,-72.37214894434497,-76.53532397957177,56.16755819491949
Rs4231|2013,83.3518372394059,-76.5425978974763,-78.50678502971172,55.130484113289704
Rs4081|2012,80.86089134109403,-70.59442930885156,-74.51589078348825,54.35855250217027
Rs4874|2013,82.29686589724469,-71.96602277628378,-75.30397735023959,56.52803705816158
Rs4255|2013,82.88545519856656,-73.02569668027004,-75.89969742773025,56.21177471797518
Rs9401|2015,84.00436344778376,-74.2654583135443,-75.07357894115133,57.54322096011078
Rs672|2006,84.39399308421399,-74.23379841302756,-79.58794161547598,55.535822640678134
TW6|2003,82.3633337129792,-74.09314161308573,-76.90654916432304,56.19699644612149
CUHK_AG03|2003,82.32255360945774,-74.0350262392848,-76.83688389560103,56.3137528861109
Sin842|2003,82.52424215199346,-74.17305570728904,-77.48352296161029,56.14773933564806
BJ02|2003,80.54134872743943,-72.21522702460572,-75.39518258384635,55.426634630518905
GZ0402|2004,83.14456326616386,-75.82286721085796,-76.37514440704118,57.5956638904664
GZ0401|2004,82.06432145080727,-75.28506030814046,-76.04691184791344,57.50462944627262
PC4_13|2004,83.71655371611563,-76.23709287041784,-76.5004799692678,58.10556809227035
PC4_136|2004,83.75554769904889,-76.96641071135647,-77.66177192712752,57.48901848169125
civet020|2004,83.40699828180735,-75.92035040240789,-77.11184348645305,57.78173185671461
HC/GZ/32/03|2003,83.69835298044295,-76.46333339003992,-77.50620643997256,58.06919190866802
Rf4092|2012,79.23390478917223,-70.4195493717423,-71.67369938857712,55.732249342907245
As6526|2014,82.70148116331967,-73.75674175050818,-76.21327242210232,55.500344080828434
Rs7327|2014,81.60783907131345,-70.83200933699058,-73.70210422160106,56.68697293759107
LYRa11|2011,83.80354622018392,-73.7352131781284,-77.45457202151887,55.87274065009973
bat/Yunnan/RmYN01/2019|2019,84.28503850576203,-75.58694502998979,-77.95953481252305,58.25854665523597
BtKY72|2007,92.29083366357692,-83.16697470859489,-85.45182886613645,55.70736298951863
