tipNames,x1,x2,x3,x4
WIV1|2012,23.759029595976447,-32.738371655089665,-28.551764254673593,42.087328454602826
Rs3367|2012,23.149915457351476,-32.331870077444165,-28.98444604782599,42.51437578157517
RsSHC014|2011,20.01330672877898,-31.56964869302307,-26.893748432948293,37.881892386360555
Rs4084|2012,17.83004959639042,-29.709169981907014,-25.964915169644613,37.0328230926671
bat_SL_CoVZXC21|2015,16.53941523899513,-24.778587335276498,-20.80668846863901,39.17742780521585
bat_SL_CoVZC45|2017,14.78547753802251,-21.409293315417784,-23.951860916413224,33.80307106448966
bat/Yunnan/RaTG13/2013|2013,33.82334240972618,-40.678046949090515,-27.34769297178225,50.87294636798052
bat/Yunnan/RmYN02/2019|2019,34.98596501864357,-36.84336220515941,-20.397406603106383,48.74589706098049
Wuhan-Hu-1/2019|2019,32.029959955641736,-41.396386291331176,-30.53224977831397,42.302463406984735
Wuhan/WIV05/2019|2019,33.00242377056132,-42.25460594144281,-31.466295971283866,43.12700136050485
USA/IL1/2020|2020,33.07907116059144,-42.58510609539331,-31.021073539175386,43.71692288599693
Yunnan/IVDC-YN-003/2020|2020,33.004408744589625,-42.60542065941928,-31.011451651345112,43.48765271100671
Japan/KY-V-029/2020|2020,32.29758310790267,-42.497353687411916,-30.724773447288413,42.17312793532859
Sweden/01/2020|2020,33.14126268752892,-42.539276489067454,-31.41997726506272,43.10752642203695
Nepal/61/2020|2020,32.60095805754519,-41.605871517501456,-30.51904626986968,43.04530514583308
USA/CA1/2020|2020,32.948991428049105,-41.982356363058045,-31.22234841199216,42.62381313916268
pangolin/Guangdong/P2S/2019|2019,36.99736854163512,-44.48627378805371,-37.750092656992344,60.85331895570323
Rs4247|2013,23.86753635418421,-33.068837456831,-30.847506772055603,40.86439457146057
Rs4231|2013,23.485619566511158,-32.780702901812866,-29.545601217112164,41.14515445663685
Rs4081|2012,21.329397176074895,-30.73019863954293,-29.103005096902535,39.570476425591124
Rs4874|2013,19.625083673090593,-28.951007804296395,-27.07934883074209,38.95905475184231
Rs4255|2013,23.192017391747463,-33.29987946807673,-30.703496486295023,41.891711779917216
Rs9401|2015,20.379687703814007,-25.811121346406356,-25.819775554529542,37.81337323915234
Rs672|2006,20.547067133867372,-30.425091993431362,-29.373854587978705,37.92668698357069
TW6|2003,14.093810619838612,-23.435917333572156,-18.981678217028662,38.28659588285781
CUHK_AG03|2003,14.214922987679774,-23.656735756161517,-19.256661589710284,38.445247800377565
Sin842|2003,13.38870098913101,-23.28969934656176,-18.183146196404262,37.891976980301536
BJ02|2003,15.009452247329465,-25.28906524240868,-20.546240361158347,39.7474575409586
GZ0402|2004,18.138067526503917,-29.75593619041228,-26.1023025898274,39.1345230377425
GZ0401|2004,17.634314233667748,-29.497560407230527,-25.18512605377838,39.558116552595116
PC4_13|2004,18.074771684879394,-30.146356599185747,-25.172235637867168,38.735876360759185
PC4_136|2004,17.883007858070815,-29.694522640411034,-25.775220472063666,38.844748959978105
civet020|2004,18.134160489998685,-29.35970460926927,-24.948130852400272,39.83378703493204
HC/GZ/32/03|2003,18.303568364527948,-29.688340587118084,-25.34466299722327,39.67730191822791
Rf4092|2012,15.718771756637121,-26.377412562136332,-22.383828676653657,38.172585304735996
As6526|2014,23.590652273358803,-30.5187143205797,-28.041586849323526,41.049010845233724
Rs7327|2014,19.20811734536218,-28.50314234181393,-23.589578962754985,39.85449006462648
LYRa11|2011,24.88720324433808,-30.09215573637085,-18.44590298972303,46.09330373743052
bat/Yunnan/RmYN01/2019|2019,23.257199169544034,-32.74647973167689,-27.99575015008559,39.7827815159513
BtKY72|2007,21.258530182435464,-24.392642829992816,-14.816222320191134,39.91063116026519
