tipNames,x1,x2,x3,x4
WIV1|2012,45.90243585838328,-11.07711861312428,-64.6466871175239,43.20468930661895
Rs3367|2012,44.187036574349904,-9.855095213017666,-62.69010751346413,40.93490837088726
RsSHC014|2011,47.38988842052329,-12.068369506724796,-64.27472513244754,42.96065155690947
Rs4084|2012,46.45451358829351,-11.019865216735264,-63.00541995505707,43.66336599060168
bat_SL_CoVZXC21|2015,45.79581793397374,-10.620535533793857,-63.02712908376906,44.874653812505464
bat_SL_CoVZC45|2017,47.36657241148069,-8.396320960547001,-61.08756490416089,51.159550999450374
bat/Yunnan/RaTG13/2013|2013,31.53309251938676,5.455181545794771,-50.109327463818985,37.42455048430422
bat/Yunnan/RmYN02/2019|2019,19.550931208564528,19.208892964732016,-31.21621462229132,27.400042051968462
Wuhan-Hu-1/2019|2019,34.26755070850512,-2.1888960034758416,-49.34771689471304,35.82379683121893
Wuhan/WIV05/2019|2019,33.15384920753675,-1.369357243710686,-48.64844166691704,35.405008978061524
USA/IL1/2020|2020,32.73742336761642,-0.5316705686902282,-47.56086620766401,34.79020646756194
Yunnan/IVDC-YN-003/2020|2020,33.003106717450294,-0.6785630461967651,-47.52190663851191,34.83366477544145
Japan/KY-V-029/2020|2020,32.764778739692595,-1.322107410217016,-48.27000695428434,34.835195531361826
Sweden/01/2020|2020,33.43707696977676,-1.3648870143633653,-48.65876538358817,35.21155733711035
Nepal/61/2020|2020,32.73876366622736,-0.39574568887470307,-48.37909858116235,34.73258967167104
USA/CA1/2020|2020,33.02526871522398,-0.542805431622613,-48.48623004882171,34.4457672713711
pangolin/Guangdong/P2S/2019|2019,43.44459782430114,-7.275564398214853,-57.42904174581963,38.672372457016536
Rs4247|2013,44.39883188102285,-9.853784357415995,-59.369787738034546,41.85517735331639
Rs4231|2013,46.53409507966034,-12.021587468453449,-62.30548990497894,44.18146207785199
Rs4081|2012,45.97941071171742,-10.942160631307367,-61.66281421332872,42.44354511244936
Rs4874|2013,44.169783975568905,-9.7092579731,-60.43236569540992,41.072062402777505
Rs4255|2013,47.89406582291214,-12.577215282795207,-62.045163413671865,46.412822435581965
Rs9401|2015,45.27650712238059,-10.703537283432386,-62.80284332519815,42.615037214649334
Rs672|2006,51.509081447874394,-14.897744422536602,-68.04779627847971,46.53421545659312
TW6|2003,58.31996461244237,-20.332233926064777,-73.9629238483122,43.84486818813361
CUHK_AG03|2003,58.50260834927146,-20.72068278931239,-74.33860380814666,43.99798190390568
Sin842|2003,58.33117163719499,-20.747287033760475,-74.60627654483605,43.84739533450302
BJ02|2003,59.655436193536396,-21.38068403571275,-74.37199814798664,44.063220441512414
GZ0402|2004,59.69999530662384,-21.984849295389083,-74.46042439345906,46.05939661595838
GZ0401|2004,59.3302228396445,-21.156907621596446,-73.19670473248192,46.23885780120963
PC4_13|2004,59.185910759091016,-21.633416083312554,-73.91231510109569,45.32260991537311
PC4_136|2004,60.80315184901934,-22.027414626552304,-75.13111162375122,45.978264273556164
civet020|2004,60.03312925672193,-22.328098299462766,-74.46805490768709,46.69100697257661
HC/GZ/32/03|2003,60.09213178826653,-21.722300279257826,-74.53690746912363,46.24826682358636
Rf4092|2012,44.15010869726416,-6.288635437320414,-56.75821796560445,43.48591078393486
As6526|2014,44.86671705287444,-7.7528586226483975,-60.78035461864803,42.61676276098209
Rs7327|2014,49.23317574644696,-12.422568143038138,-64.90104444471186,43.79196883646248
LYRa11|2011,50.37398502302308,-9.685861261369045,-62.546770722604165,40.54725288614326
bat/Yunnan/RmYN01/2019|2019,50.51135713768255,-13.943870807325661,-63.44882408226173,45.49231223319303
BtKY72|2007,33.958136705272025,-0.3154156301329314,-40.837791355729145,42.00878972285437
