tipNames,x1,x2,x3,x4
WIV1|2012,-22.4764955555973,37.79863713260766,57.69836826404253,-30.375000047190046
Rs3367|2012,-23.31690357679351,38.492678842098,56.967197203871514,-30.63083690938259
RsSHC014|2011,-22.58229884163074,36.16926795136101,56.36939404189282,-28.840876404389668
Rs4084|2012,-24.419530333562488,40.07647014222385,59.815750695171154,-30.35696089300319
bat_SL_CoVZXC21|2015,-20.714292122587075,38.46326756143473,64.23677939400321,-31.178227400146937
bat_SL_CoVZC45|2017,-19.92651032874268,35.245487732197496,57.510946888366604,-35.02179910527466
bat/Yunnan/RaTG13/2013|2013,-43.74190363582191,53.44409798906037,78.32143577090075,-45.59722250919596
bat/Yunnan/RmYN02/2019|2019,-50.597047300447784,57.48937574081323,75.88459851011854,-53.30933574161354
Wuhan-Hu-1/2019|2019,-43.15517354963435,52.11707339734266,67.00939417941768,-46.23441587471798
Wuhan/WIV05/2019|2019,-41.98943009260104,50.961694446356226,65.80197538599401,-45.63168212974756
USA/IL1/2020|2020,-43.35342243332357,52.54828714669937,67.84615222067846,-46.16246663951781
Yunnan/IVDC-YN-003/2020|2020,-43.07382922118171,52.449327044204395,67.9231032971289,-45.81994802405917
Japan/KY-V-029/2020|2020,-43.32093642104669,52.81489810095711,68.10013130170421,-45.50458654400807
Sweden/01/2020|2020,-43.70798819195658,53.06714060930499,68.3065690512496,-46.431841046130195
Nepal/61/2020|2020,-43.240389288284604,52.79958848369886,68.30417540985846,-45.13315902340029
USA/CA1/2020|2020,-43.64283658015518,53.06367204131827,68.0862337152068,-45.71959690843418
pangolin/Guangdong/P2S/2019|2019,-32.11332312534823,48.232902833468785,72.67803204040209,-36.97047372856496
Rs4247|2013,-22.9824568349154,38.02350545220582,55.02584520373394,-29.856516231320153
Rs4231|2013,-25.54898083199147,41.43099396297021,62.581395315768354,-31.051297539308745
Rs4081|2012,-23.53879607726229,38.35641791579877,57.63936717975224,-30.239006957776823
Rs4874|2013,-20.37232258881338,35.82803929708949,55.07339748888232,-27.576600404318206
Rs4255|2013,-24.753148767610966,40.80445704933056,60.59373233963532,-30.393348518272113
Rs9401|2015,-20.793179745980275,36.63779350580355,54.555721413502376,-31.115631241571986
Rs672|2006,-24.58471143461306,36.3908657818386,59.17487396211245,-29.085792650083743
TW6|2003,-18.56061617801943,34.34442758760635,49.023577515121914,-25.056794692990945
CUHK_AG03|2003,-18.622433347791837,34.33195869469308,49.071273016576434,-25.115263704122306
Sin842|2003,-18.246562142370166,34.2833488070303,49.19548912208404,-24.925842215787725
BJ02|2003,-17.218266819556096,33.166711555090906,47.75563786365151,-24.833094161199305
GZ0402|2004,-15.533042872914072,31.774071537603913,48.54753496431146,-21.862561269903416
GZ0401|2004,-17.47998150744463,33.127250036173045,50.568133163013165,-22.68280891272037
PC4_13|2004,-17.228503510752464,33.746657818014285,50.762667430325635,-23.596898156030903
PC4_136|2004,-15.949853191398486,32.78518391781056,49.73432513093151,-22.463996781849414
civet020|2004,-16.70266643664292,32.68267624819838,49.87077290711525,-22.814940993024884
HC/GZ/32/03|2003,-16.81858806875119,32.99422912145908,49.70788729297412,-22.708815295830906
Rf4092|2012,-26.2859621812077,37.48808447430094,60.70557493723437,-30.05045079743703
As6526|2014,-22.439906816029946,39.765856829119635,57.09253167256867,-29.643321623926838
Rs7327|2014,-26.303168252264776,41.7471619760233,60.98331230250496,-31.245821932943716
LYRa11|2011,-20.015454342915962,33.68902901129753,49.78541447238303,-31.05333572603701
bat/Yunnan/RmYN01/2019|2019,-12.392380010609182,27.456779840635345,43.61312647806697,-24.222005056508454
BtKY72|2007,-17.98673528460725,33.12090743753183,46.97801151239812,-26.919677009297654
