tipNames,x1,x2,x3,x4
WIV1|2012,3.312518074521764,9.71506023724143,3.9766478426209315,12.502200145644547
Rs3367|2012,2.9275980436040756,10.544301703865052,5.1367684278769605,13.327183476341787
RsSHC014|2011,3.478668856517179,8.761710379073447,4.143837826985748,13.207907377072727
Rs4084|2012,6.082914186460479,7.00384305291197,2.178666681341829,16.230320433370146
bat_SL_CoVZXC21|2015,14.219522510084834,-1.8780649522568302,-15.807364665714061,21.011180784333046
bat_SL_CoVZC45|2017,15.633874696508597,-6.6817150744070135,-18.29399541643442,19.653032699862198
bat/Yunnan/RaTG13/2013|2013,9.934470119490777,-1.4267197600535746,-9.124522244875212,20.749307213384895
bat/Yunnan/RmYN02/2019|2019,2.189717974016405,-1.6295403238007529,-8.427474773253024,18.555909779795353
Wuhan-Hu-1/2019|2019,11.030563396157497,-2.2669471650079434,-11.199479827424886,19.632503337197043
Wuhan/WIV05/2019|2019,10.920323669122968,-2.3376441603973404,-11.015743757481168,19.7845043252896
USA/IL1/2020|2020,10.977212649667763,-2.931996709862657,-11.743402123038843,19.120820547874455
Yunnan/IVDC-YN-003/2020|2020,10.502117695084126,-2.426381311923715,-11.399221078231864,19.088829717713494
Japan/KY-V-029/2020|2020,11.223023016762092,-3.2189238071949053,-12.044901921485849,19.384006108786895
Sweden/01/2020|2020,12.66392482383326,-4.344845903275837,-13.392401280487753,19.869427352672208
Nepal/61/2020|2020,12.069397883284777,-3.7489417133011345,-12.893454195159045,20.05470310873761
USA/CA1/2020|2020,11.781909830869957,-3.250383051539216,-11.740921274821169,20.398735860130795
pangolin/Guangdong/P2S/2019|2019,4.448092239360232,2.777832978125579,-9.34244666325376,17.46824645464487
Rs4247|2013,5.55774609395416,7.51960366206812,0.43119675972007965,15.532572203469599
Rs4231|2013,2.1420687911142844,8.66282876235273,1.7214388147841475,12.464975787118814
Rs4081|2012,5.232535465085612,8.104495704227284,0.6336217504328955,14.98383703827313
Rs4874|2013,4.40769161395772,8.006670496593378,1.775389795222601,15.042271453173479
Rs4255|2013,5.898258116532674,5.724492260426779,1.787725624963362,15.007383065571691
Rs9401|2015,7.066089544295508,9.684258998753316,5.872475903528766,15.677007706502463
Rs672|2006,5.607595588952234,4.662946801307123,0.21598356387128637,13.522300189868103
TW6|2003,1.0654747076045965,13.490128912721875,7.210754678734851,12.029174462951339
CUHK_AG03|2003,0.8573985401973286,13.588662884572384,7.134814387506826,11.672551822490854
Sin842|2003,0.453802452194985,13.72610807546925,7.19287965387674,11.121872711804416
BJ02|2003,1.0608488710343493,13.970512069978133,7.867970075036614,11.50295636838902
GZ0402|2004,1.7583580080851644,14.083828341321492,7.1623151795231,11.605998073291527
GZ0401|2004,2.222788492153115,13.612581636314557,6.936611848361378,10.747067245412785
PC4_13|2004,1.6584557310916375,15.05936585168805,8.461190182792881,11.219895080330154
PC4_136|2004,1.1150412203295228,14.717535907606905,7.929381486183708,10.241053042024863
civet020|2004,4.151391537698165,12.613864188075912,6.371409703419939,14.14206847599844
HC/GZ/32/03|2003,1.6978651684906634,13.972338563316336,7.965248545516638,11.800536378428244
Rf4092|2012,2.7496570121840422,12.244267110301566,3.8444356740215326,13.784390947246274
As6526|2014,4.696116087841029,6.802439266275239,0.5980495338844313,12.940336296246059
Rs7327|2014,5.521000809414551,5.671450209877049,1.0697620713192322,14.904617672752718
LYRa11|2011,7.206965428409981,-0.9296340218117078,-1.1599553490389674,13.526071638086675
bat/Yunnan/RmYN01/2019|2019,0.542898644817551,11.3569016831361,6.248438744626441,10.899434064084708
BtKY72|2007,28.88828456331742,-16.309364416715326,-44.46327389917471,25.279279985655474
