tipNames,x1,x2,x3,x4
WIV1|2012,4.947061146283692,13.34075047542196,-1.7492944479996448,14.465448130736569
Rs3367|2012,3.6026364540374844,14.59952936774383,-1.249850670917464,13.481644013237993
RsSHC014|2011,0.2694945212716451,17.62298719065337,2.5492458146966923,10.889975481699775
Rs4084|2012,-1.8813481026715846,18.776688165000287,2.8822359762769905,9.119527864993087
bat_SL_CoVZXC21|2015,5.608541159705609,7.8166507467134805,1.7195798697581708,19.752038463865585
bat_SL_CoVZC45|2017,6.122704463220146,9.10947070149984,-0.38972241780189776,17.636189426956793
bat/Yunnan/RaTG13/2013|2013,-2.593090825673144,13.369330619572915,4.253839872300393,19.761917383639926
bat/Yunnan/RmYN02/2019|2019,-5.917943942800128,14.002690240954696,10.301522569871512,22.30247706751789
Wuhan-Hu-1/2019|2019,-7.235400691109026,21.05346625489225,6.882689192040253,14.324675469246772
Wuhan/WIV05/2019|2019,-6.51946677199125,20.36552654732706,6.201607552132933,14.862839970125567
USA/IL1/2020|2020,-6.777261819399219,20.520177395128393,5.7486470890991646,14.974779308498125
Yunnan/IVDC-YN-003/2020|2020,-7.256402140784811,20.93932845065832,6.5427601585823165,14.756279166702948
Japan/KY-V-029/2020|2020,-7.4579554568295485,21.287158993583184,6.964553371826817,14.895810992390661
Sweden/01/2020|2020,-7.769057454605341,21.552646794326563,7.085008871940095,13.795485662855354
Nepal/61/2020|2020,-7.661595030246597,21.075592465440696,6.331746323479019,14.935620644780943
USA/CA1/2020|2020,-6.619350381543818,20.791953381515043,5.9164854013571535,15.084793428832073
pangolin/Guangdong/P2S/2019|2019,4.898294934685153,5.465239215161455,-17.197219722985555,16.128852082707777
Rs4247|2013,1.451727202877188,17.09377380554311,2.39916767058732,10.041581118490827
Rs4231|2013,1.6462847904875502,16.129856500899276,2.1984071472913223,12.350602505474958
Rs4081|2012,1.1332222284546591,17.503316228470357,2.2712501032927084,10.331255223875228
Rs4874|2013,1.6037473930871142,17.29266447375273,0.9280654997152838,11.390245904344807
Rs4255|2013,-0.45950221861925433,18.219890633759555,2.8085792487064785,10.117187035649364
Rs9401|2015,0.5551800850876161,17.74501751952708,2.3394564904549613,10.147196483116678
Rs672|2006,-2.105368041384896,18.12989834809697,1.747842312325848,6.626680680229961
TW6|2003,2.927037769671116,15.658622954241713,-5.576391860565409,11.028119121944819
CUHK_AG03|2003,2.9765881642744114,15.761732432982704,-5.595512068349019,11.23174697456178
Sin842|2003,3.440709006171281,15.367546014509509,-5.492940289615762,11.560134825867346
BJ02|2003,2.7333716736766798,15.788310586984007,-4.946273283810395,10.915648206945193
GZ0402|2004,6.568780210662899,13.43103288536606,-9.004461098790175,13.566771656566871
GZ0401|2004,6.9542428674788725,13.482009802251163,-9.073021265947606,14.973329088848743
PC4_13|2004,5.844316360601356,13.834923586010714,-8.452647297524143,13.446335890434959
PC4_136|2004,5.1441892111388965,14.145555301539652,-7.722115558327938,13.222378041102065
civet020|2004,6.0569149788592584,13.841359368826378,-7.8958864360632495,13.795526614923816
HC/GZ/32/03|2003,6.118383833614798,13.947317113035032,-8.324099890872212,13.797054618950986
Rf4092|2012,-6.295907374601946,19.24542654077884,3.4087024069292,3.5992720927759447
As6526|2014,3.4121105598274895,15.07299586459545,-0.8314311046527039,12.404089829322947
Rs7327|2014,-4.212965146067865,20.307121530037477,5.135545603054982,8.337445368793832
LYRa11|2011,0.3476534004100551,13.828593801914762,2.3484033800638406,12.73977608497717
bat/Yunnan/RmYN01/2019|2019,-4.845338263947618,19.874276641762943,8.944980296829698,9.344055524265693
BtKY72|2007,23.546209017249872,-17.10219869915018,-30.879159559315987,39.953443427188084
