tipNames,x1,x2,x3,x4
WIV1|2012,-10.45432136693269,29.18610177982742,35.68190369285156,3.0383105392750176
Rs3367|2012,-10.369250135681176,29.95416776278472,36.58925739707511,2.8489295098138308
RsSHC014|2011,-12.922487363905045,34.02202421812541,41.4816356763542,0.9936326149967545
Rs4084|2012,-11.125005707939787,32.38854770958179,39.48544325767951,2.364605704987018
bat_SL_CoVZXC21|2015,-4.296528842915863,25.659528500915535,30.43278024473974,5.372196277133894
bat_SL_CoVZC45|2017,-7.57816102002518,31.677557356384135,29.50514053913924,1.4725717067023445
bat/Yunnan/RaTG13/2013|2013,-15.594451027201735,31.596277942067488,41.421836680546555,6.627497795770713
bat/Yunnan/RmYN02/2019|2019,-20.011124154344653,33.21886468811283,41.614621567836394,-5.830688834723675
Wuhan-Hu-1/2019|2019,-12.759493815401868,24.13793214571794,28.164467631522456,4.500630371396446
Wuhan/WIV05/2019|2019,-12.114647793174129,23.591799217044976,27.594877968265163,5.075636856427856
USA/IL1/2020|2020,-12.298578332266068,24.08772008060461,27.778492108882265,4.660639882140274
Yunnan/IVDC-YN-003/2020|2020,-11.476565195606788,23.452684044682403,27.113094170851333,5.145094120701177
Japan/KY-V-029/2020|2020,-12.395508819164581,24.233688457171684,27.98857450007781,4.401296345392961
Sweden/01/2020|2020,-12.297734017760554,24.362523727976882,27.937824056082714,4.656034965038638
Nepal/61/2020|2020,-11.66759631859319,23.782424558452153,26.647897385821825,4.844512175206733
USA/CA1/2020|2020,-12.27303501813434,24.661723431081537,28.265025135680254,5.085856762141043
pangolin/Guangdong/P2S/2019|2019,-13.25627560365047,30.62959964748481,43.09293800344608,4.526858245895474
Rs4247|2013,-11.980313176066142,32.21846179877476,40.29507137727079,1.765775249182544
Rs4231|2013,-12.326466897178099,34.437853283690295,38.09767139333506,0.03807326463839633
Rs4081|2012,-10.798913005953722,32.164936242234894,39.37132408083923,1.874688965106052
Rs4874|2013,-11.430685792425558,32.07800179925364,39.870965524643466,1.5947985619263756
Rs4255|2013,-9.861068652626875,30.944921694522026,37.628409188687876,2.429561706807177
Rs9401|2015,-8.246996081015341,29.502148771099957,33.392766543121034,3.864385613060117
Rs672|2006,-10.546935537666318,31.84930848956692,40.17519035236226,1.698989401009567
TW6|2003,-8.875290499834044,28.37996920966146,38.28926196791278,5.363735754031975
CUHK_AG03|2003,-8.828075490423231,28.397041496736282,38.10039804478072,5.319329586526233
Sin842|2003,-7.913200123610117,27.60260586766681,37.39161673498792,6.08305044298743
BJ02|2003,-7.663377263154283,27.120389525363425,36.00002069695817,5.961491502016235
GZ0402|2004,-10.017681886003393,29.517297823263423,38.73501169024626,5.543344527144042
GZ0401|2004,-9.626391961182863,28.005794993815144,36.2612928605098,3.261833502522248
PC4_13|2004,-9.067145136683854,27.60119441370397,35.568673422737646,5.120098054241671
PC4_136|2004,-8.594074279143252,27.754930824702047,34.89606601375286,4.482259649771808
civet020|2004,-8.28702970647702,27.423788690725463,35.23663931668866,5.142959819279453
HC/GZ/32/03|2003,-8.624648166856169,27.632685094772352,35.57324414044115,5.110195851304065
Rf4092|2012,-10.992972466545433,32.10967246030202,38.342641061050195,0.17296614718326303
As6526|2014,-14.43771122779437,33.93898719962267,41.14256503561029,-0.21680823924865955
Rs7327|2014,-10.821660801728346,31.884059633223934,38.410428805491115,1.633258621787057
LYRa11|2011,-9.394690374879222,32.39476480982396,39.46741073530018,-2.6679675670662153
bat/Yunnan/RmYN01/2019|2019,-5.526683145157301,26.521230189204356,29.049749266987916,0.5842867549738787
BtKY72|2007,-10.126322004154424,26.110746659077133,42.70268119643667,8.342287364621214
