tipNames,x1,x2,x3,x4
WIV1|2012,56.34632799251109,-53.787402379470656,-52.70743711643328,48.674279111242626
Rs3367|2012,54.14655158969237,-51.878113675946054,-50.80288275005853,47.90280459486034
RsSHC014|2011,58.509304076306435,-55.65822535912721,-54.66965175981039,49.738124707544905
Rs4084|2012,56.66958556722912,-55.46875933857173,-52.494728733625514,46.66770775019527
bat_SL_CoVZXC21|2015,59.252548949924446,-54.482549460841874,-54.08935570709805,51.15694815322127
bat_SL_CoVZC45|2017,55.414308508730166,-49.40001157519047,-44.919714335727896,51.64433067605182
bat/Yunnan/RaTG13/2013|2013,57.41888365907115,-57.134426636085415,-60.5349851471635,46.940161783712675
bat/Yunnan/RmYN02/2019|2019,57.03429731320307,-52.13459696909798,-54.90418897387954,44.79685510690502
Wuhan-Hu-1/2019|2019,75.30039651014489,-77.02399991210056,-76.67805362608019,56.86613903252886
Wuhan/WIV05/2019|2019,75.58895608729475,-77.11190359766594,-76.90988721218808,57.3757871541424
USA/IL1/2020|2020,78.25239758272697,-80.35504713000932,-79.76633191993402,58.252755843212874
Yunnan/IVDC-YN-003/2020|2020,77.96060136135364,-79.86001567288776,-79.34293028468288,57.91399455648855
Japan/KY-V-029/2020|2020,77.9406890985757,-79.799987731702,-78.94719970504666,58.50337866525139
Sweden/01/2020|2020,77.85086509016836,-80.0150950343086,-78.71523906099961,58.84697829430456
Nepal/61/2020|2020,77.26330638335696,-79.30343761585232,-78.87556949581739,58.0569081967972
USA/CA1/2020|2020,77.53118479351929,-79.58117341283254,-78.59409451106674,58.191535900630335
pangolin/Guangdong/P2S/2019|2019,70.18403612391512,-69.11468419101105,-73.14654900607333,56.7170767848109
Rs4247|2013,58.58582558697111,-57.452468067416156,-55.42976543630599,51.989512047120286
Rs4231|2013,59.01782058627473,-58.69489502060477,-56.49241322563324,49.84962723543947
Rs4081|2012,59.433886808120214,-57.005047567789816,-56.33788303518889,51.94556399907767
Rs4874|2013,59.01851559784998,-56.73139019665874,-54.35560297093963,51.42473572436838
Rs4255|2013,57.70779878884562,-55.69311649601993,-53.82043319511303,49.86555846146306
Rs9401|2015,56.947665493903926,-55.17020047771458,-56.59884071750223,44.09253464482418
Rs672|2006,55.33855772851762,-54.587330932180905,-53.718501688815266,46.152693508150904
TW6|2003,59.30886760045254,-57.13029198647915,-57.93690534380342,49.825454620386026
CUHK_AG03|2003,59.11915822079538,-56.90627734349601,-57.517458476235305,49.64639483169628
Sin842|2003,59.161339836322384,-56.904875878361764,-57.82236741582806,49.3437065437494
BJ02|2003,58.8598648944165,-56.94347143096443,-57.47759535307342,49.955005966960286
GZ0402|2004,55.846988260212875,-53.386568827697495,-54.50641256774909,49.5200652208058
GZ0401|2004,56.12108212019974,-52.53582566348561,-53.62179151473319,49.72110761886734
PC4_13|2004,56.6477105554063,-54.306293633402895,-55.07702669745359,49.80520323709697
PC4_136|2004,56.004507745595376,-53.034986839832655,-52.95862606993005,49.358089238206325
civet020|2004,55.01078274811811,-52.516788354798955,-52.98781660305527,49.2791525290312
HC/GZ/32/03|2003,55.39276997860529,-52.64588885023439,-53.325197316109666,49.60694391527199
Rf4092|2012,66.31086656875175,-63.39316096932988,-63.79181065692023,54.391973584340484
As6526|2014,56.44644146494659,-54.89270146399279,-53.07401318091024,47.245381606250064
Rs7327|2014,60.12012054957269,-56.707243002615314,-56.998697645922945,49.688930057171426
LYRa11|2011,74.00285650612432,-70.71249685596418,-75.23351860171647,60.49123376182106
bat/Yunnan/RmYN01/2019|2019,68.49271314868001,-61.650927461196964,-64.81820973113376,55.45908572552177
BtKY72|2007,60.7755807350035,-60.843156041895185,-59.343360103353696,42.56211234923269
