tipNames,x1,x2,x3,x4
WIV1|2012,13.00539469500148,-1.3046851472542997,-19.542156576377185,10.969561452065598
Rs3367|2012,13.280130643496696,-2.585779644341089,-20.341195278838967,11.26136475104771
RsSHC014|2011,11.947602529704804,0.9677156551602508,-18.17296442791692,8.564224880023398
Rs4084|2012,15.528002338151877,-2.7406725543389925,-22.24159651601684,11.841745241468425
bat_SL_CoVZXC21|2015,21.14747704957347,-9.032893545971769,-27.592895819872606,13.327261796356398
bat_SL_CoVZC45|2017,21.965762316391476,-9.548092702964002,-28.77147856062795,15.757672716796526
bat/Yunnan/RaTG13/2013|2013,15.898627119416,-11.03100612550812,-27.397894502149228,7.530437416454407
bat/Yunnan/RmYN02/2019|2019,1.9001053986867134,5.049330199286805,-3.3561354381403143,0.7702461290115494
Wuhan-Hu-1/2019|2019,16.719252644850712,-6.27036573836701,-24.72380258705244,9.79213638764315
Wuhan/WIV05/2019|2019,15.763347608589807,-5.347602336539407,-23.45063766915314,9.32736531213957
USA/IL1/2020|2020,17.52495723553644,-6.620915935465907,-25.46022099818998,9.903566893480813
Yunnan/IVDC-YN-003/2020|2020,17.06763628882893,-6.14673346780552,-24.98747746291358,9.484562128248612
Japan/KY-V-029/2020|2020,16.1237966561398,-5.78081025166104,-24.158978346951734,9.113913407280217
Sweden/01/2020|2020,17.128464615824463,-6.566395000894649,-25.16414157591364,9.978451242036174
Nepal/61/2020|2020,16.48231354579015,-6.2247913763688105,-24.851914179265126,9.609122555502744
USA/CA1/2020|2020,16.126865321089205,-5.535077650551266,-23.678417923216287,9.891507159119058
pangolin/Guangdong/P2S/2019|2019,23.132738433294335,-14.63091327551136,-36.000647380381544,18.998634467470737
Rs4247|2013,15.41444039671838,-3.084442532381851,-23.583114072018716,9.99273216211979
Rs4231|2013,16.73398658507536,-1.4265341049694569,-22.68036610485819,12.285645799773704
Rs4081|2012,17.422169028925204,-4.108391062897188,-24.600965797570463,11.919443245360739
Rs4874|2013,17.986074335741257,-5.240577529929242,-25.35936183660815,12.889330408548897
Rs4255|2013,16.38501228438336,-2.8457846690450204,-23.497213257422167,12.296554503328034
Rs9401|2015,12.280685206037319,3.652351933035546,-16.83721895357313,9.722963611943646
Rs672|2006,16.532905197209836,-3.2916351629429093,-25.120390840400837,11.646766052124672
TW6|2003,9.152998362861434,6.297963151998724,-10.846408740736436,13.656109181823364
CUHK_AG03|2003,9.319634668432924,6.205811996395448,-10.978531084364814,13.758129895090207
Sin842|2003,9.155550083301451,5.891180952515398,-11.099934524818083,13.079438161874435
BJ02|2003,9.133582090667533,5.525826210855193,-11.599817055294182,13.251620048286199
GZ0402|2004,10.039007734495476,4.5288067373635545,-12.994586029398349,12.296843226225594
GZ0401|2004,9.766018993551555,4.754324498874825,-12.39601582686828,13.59291809999151
PC4_13|2004,9.795083083950052,4.11562980630224,-12.268533628773117,13.407142795118524
PC4_136|2004,9.175352832889082,4.961270698533136,-11.473765918314934,12.933429124025166
civet020|2004,9.994283486565928,4.1904421019218985,-12.34250238894888,14.026495614266798
HC/GZ/32/03|2003,10.365149899757693,3.8544804730712294,-12.63306138003113,12.953152798541215
Rf4092|2012,14.711700907848012,-1.8974498448770454,-21.649254960587342,11.415362115310426
As6526|2014,12.036043175034997,0.5626381831982445,-18.062371961412833,9.69810817565439
Rs7327|2014,16.073518632360408,-2.4829353880533795,-22.478151250242835,12.002552917718228
LYRa11|2011,18.754432201521208,-6.3133377156123505,-20.27138848766529,9.925824526101858
bat/Yunnan/RmYN01/2019|2019,14.088473802653796,0.21332509596041505,-20.877745203072703,11.589044549077942
BtKY72|2007,23.766008374755394,-10.99913875241567,-31.800090958393216,23.85964320682067
