tipNames,x1,x2,x3,x4
WIV1|2012,20.736816334167973,-11.331058796179647,-16.701570234601917,26.13791262785753
Rs3367|2012,19.650699542493,-10.070135728795359,-15.976882666531091,25.73119619460723
RsSHC014|2011,16.829437473887914,-8.299637014682311,-15.05530973650366,23.724859157678857
Rs4084|2012,21.515266508036746,-11.973832284874764,-19.05248255840818,27.240721969302516
bat_SL_CoVZXC21|2015,30.18299080346971,-18.26665886883931,-21.081751883838876,35.69502767697145
bat_SL_CoVZC45|2017,23.644197714805372,-13.363331606897736,-14.243420327444655,33.13869202194909
bat/Yunnan/RaTG13/2013|2013,28.55682795187946,-18.977699901396868,-19.15678061505751,31.51835494579655
bat/Yunnan/RmYN02/2019|2019,29.611649349268724,-17.57256595723136,-14.671953762447966,38.59869491025209
Wuhan-Hu-1/2019|2019,25.47677965385662,-19.446907684777226,-20.69223319679222,31.735082361985985
Wuhan/WIV05/2019|2019,25.887519376783725,-19.564023887907712,-21.008829019751932,31.874416014854777
USA/IL1/2020|2020,25.901818807743396,-20.571555265566776,-22.082061640053812,31.513785633629155
Yunnan/IVDC-YN-003/2020|2020,25.333639569755444,-20.16031508334128,-21.553110233402496,30.91560792434515
Japan/KY-V-029/2020|2020,25.132713517097084,-20.077997383531056,-21.786325478610554,30.508812341022345
Sweden/01/2020|2020,24.71303584326898,-19.06365922422521,-21.006322059979873,30.85246345545782
Nepal/61/2020|2020,24.76790025063528,-19.788573638785095,-21.4170196329076,30.28291846241474
USA/CA1/2020|2020,25.364553580226914,-20.13980467678408,-21.835927317159282,30.867740870751064
pangolin/Guangdong/P2S/2019|2019,28.281138459225023,-18.37446053793327,-22.846878706302878,40.91450602846506
Rs4247|2013,17.278326740242957,-8.249181824206305,-17.407634205636395,24.35214368701147
Rs4231|2013,18.489405145817894,-7.164497151409188,-16.158133541089402,24.07524722029893
Rs4081|2012,18.674654773274675,-9.65760663245325,-18.948382549719682,24.665367339328345
Rs4874|2013,17.53854015870405,-7.600956158363854,-15.943923950722922,23.915307820671522
Rs4255|2013,16.943595149319076,-6.930008827454304,-14.387873212376931,23.816689090433186
Rs9401|2015,16.9886619880209,-8.804741032735404,-12.483136019501448,24.78686996894185
Rs672|2006,16.627650471222832,-7.16724051694725,-14.78901837395214,22.12343313053974
TW6|2003,20.103570618644262,-9.586968968706037,-15.728567370653712,31.38659116806763
CUHK_AG03|2003,20.196934920791886,-9.45313902789573,-15.645481372928472,31.26094879793809
Sin842|2003,20.78916726796968,-10.226323181453276,-16.734058659808255,31.660794449681624
BJ02|2003,19.9332937787822,-10.498796403724986,-17.2001457126568,31.11606921782156
GZ0402|2004,18.14862606846704,-8.225182607250584,-12.55111604100624,31.3737502453319
GZ0401|2004,18.934615960456803,-8.389779555209614,-13.693663030834657,31.611313175642053
PC4_13|2004,20.62068743463771,-10.626803741318376,-15.998215972237011,33.371553412061445
PC4_136|2004,19.654144278384592,-9.524103871664924,-15.091479612658187,33.043687856202446
civet020|2004,18.678499538308817,-8.148794909111391,-14.337178977586508,31.693855521294825
HC/GZ/32/03|2003,19.472394932192717,-9.531290989706351,-14.93119322493385,32.1359020683094
Rf4092|2012,21.105793988673774,-12.886159244958886,-20.856803123877324,27.4174229717802
As6526|2014,17.233312380216464,-8.606344056498347,-13.934538962109382,22.86428962359633
Rs7327|2014,20.08984538110664,-11.883320891061787,-18.431151243812916,24.326112607653318
LYRa11|2011,7.183648835152496,0.17333898113409174,-13.357734375141224,16.940696851660288
bat/Yunnan/RmYN01/2019|2019,16.704777935628957,-5.007805834114104,-17.124447961722613,25.23818993447
BtKY72|2007,13.721491071096702,-13.30255832908785,-8.355519915021437,21.653046260727855
