tipNames,x1,x2,x3,x4
WIV1|2012,-14.543775163561824,20.599635746627403,15.298855256788638,25.787993066398947
Rs3367|2012,-13.932173737520095,20.00930921399454,15.36848281261701,26.03675052387189
RsSHC014|2011,-11.717736275460307,17.491682071974395,11.928073510432968,26.1473797341583
Rs4084|2012,-12.377129249306071,18.31687729965267,13.541392708145024,26.517296070109285
bat_SL_CoVZXC21|2015,-15.732176596422434,20.632410715674975,16.007831853833423,29.681940835483186
bat_SL_CoVZC45|2017,-16.6273566723657,25.042923819504242,19.95143181513731,33.07008098239883
bat/Yunnan/RaTG13/2013|2013,-1.1425284303699605,11.119787501710299,-0.1991421393968391,35.16157046981395
bat/Yunnan/RmYN02/2019|2019,-7.017891270869025,15.096087443964018,0.8997517899033514,24.296534157729113
Wuhan-Hu-1/2019|2019,-0.043365738559530326,10.609603366623993,1.6260651708247982,36.71665657508184
Wuhan/WIV05/2019|2019,0.34211396955225604,10.16745854293068,1.099774650449796,36.820172012645415
USA/IL1/2020|2020,-0.23868377513055172,11.485157655332229,2.1942170604285827,36.356165656050024
Yunnan/IVDC-YN-003/2020|2020,0.4700151168339731,11.003176263325084,1.887472798968467,36.96157146769053
Japan/KY-V-029/2020|2020,-0.011855687622092478,11.230759523011299,1.971582273555424,36.24701672698451
Sweden/01/2020|2020,-0.45348728199245286,11.2031242118592,2.4257830412125267,36.529265244619694
Nepal/61/2020|2020,0.6838325465623022,10.344190905809663,1.0238271419382146,37.239338688395534
USA/CA1/2020|2020,0.7195415248420652,10.100018537236455,0.32753642543391437,37.284988000088795
pangolin/Guangdong/P2S/2019|2019,-21.231996866334384,19.0276334520337,17.628626802644057,30.098156600568334
Rs4247|2013,-19.373601040748717,23.568126192298546,18.5258060784989,21.90522604289003
Rs4231|2013,-11.432070659435027,15.72206580081146,8.565971589934724,27.766636327575355
Rs4081|2012,-17.128814064148745,22.014220330869044,17.62628422926556,23.340447040465403
Rs4874|2013,-13.794991503403741,19.23357796403727,13.01805757742389,24.439108241103924
Rs4255|2013,-14.437141576050502,20.16076856900592,15.051914579652767,25.712641397229522
Rs9401|2015,-11.718117517365698,14.727505340682562,13.086980864621774,25.597557792177614
Rs672|2006,-6.100952318390305,13.363566086466989,6.549039916588821,32.515224342841236
TW6|2003,-14.550316403007814,20.510532770321536,16.961304979165856,25.40543926909934
CUHK_AG03|2003,-14.22735252954257,20.222557881562413,16.687593322304245,25.58188212332295
Sin842|2003,-13.682217640433018,19.6672673476547,16.654763139709853,26.36310113134491
BJ02|2003,-13.81397886853247,20.629815232848046,17.017987088207427,26.291438759473056
GZ0402|2004,-10.178774646657892,18.280195750000082,13.800621618869215,28.210190796180083
GZ0401|2004,-10.544488464982889,18.835247329504526,15.694433217376094,29.459520160601663
PC4_13|2004,-10.9034939306592,19.05789191945834,15.459223779915671,28.38444093745569
PC4_136|2004,-10.56795778573817,18.383799957588757,14.09176505773128,28.217569260116427
civet020|2004,-11.291660203108707,19.237440591783923,14.20308337751974,27.823052491368355
HC/GZ/32/03|2003,-11.168321591891429,19.43124695535614,14.693141287905776,27.948164541605905
Rf4092|2012,-13.242552416702116,20.277849824772883,14.343247515227736,24.759615417825362
As6526|2014,-13.606450318917572,18.025651022392864,11.297259251948454,24.56509930393852
Rs7327|2014,-10.961338262695838,16.27548848432818,10.347523293755035,25.93175268326493
LYRa11|2011,-26.319039706941307,31.0677187735377,30.667269846659757,19.113786961684273
bat/Yunnan/RmYN01/2019|2019,-21.51083682655266,25.50443217151109,22.477926624778455,24.991553054343143
BtKY72|2007,-8.939427174066024,0.6820453435442717,16.37143157747681,29.2914817654881
