tipNames,x1,x2,x3,x4
WIV1|2012,-30.266092567448688,4.921320061271391,59.8925838373538,-9.102227885819284
Rs3367|2012,-30.650100070183516,5.900656534354505,59.53099138968462,-9.040663365971621
RsSHC014|2011,-31.072670200478868,5.823690921720423,59.05924773824676,-9.902060014995923
Rs4084|2012,-31.504901025317583,6.259788517481603,60.907151717259595,-10.679742320158155
bat_SL_CoVZXC21|2015,-20.666831724104668,-1.1302798710152224,55.29345577352158,-4.567368436864387
bat_SL_CoVZC45|2017,-23.408596762299197,0.30564991599004165,56.95944776286013,-5.141218641430622
bat/Yunnan/RaTG13/2013|2013,-33.458830870709185,12.344788112311102,74.20356949518907,-8.621025996443981
bat/Yunnan/RmYN02/2019|2019,-33.10504780338395,12.391263882805731,70.28922048647982,-10.711721384552671
Wuhan-Hu-1/2019|2019,-14.089377384145722,-9.432412534085099,51.08890296268874,0.36026205374712605
Wuhan/WIV05/2019|2019,-13.727684838660986,-9.988562100059479,50.5646354052972,0.8156228047564964
USA/IL1/2020|2020,-13.907038103036374,-9.506738208147302,50.98917031465929,1.115571914595622
Yunnan/IVDC-YN-003/2020|2020,-14.591463722206816,-8.98401514789854,51.465602915050894,0.5193519380656773
Japan/KY-V-029/2020|2020,-14.212934020912636,-9.289813609860895,51.025180344704346,0.43957375131644
Sweden/01/2020|2020,-14.083866323908222,-9.25072406946357,50.38662018005193,0.18882622633576376
Nepal/61/2020|2020,-15.421134700643174,-7.9176483578431185,51.79305306342042,-0.2190791491215648
USA/CA1/2020|2020,-14.784641623660285,-8.639483945173575,51.864026792695526,0.3353481728463786
pangolin/Guangdong/P2S/2019|2019,-13.859985726871695,-0.1735784887780069,59.65632491971003,10.770013111147572
Rs4247|2013,-35.525899534282,8.895060144548001,61.207690214878745,-13.01366738658999
Rs4231|2013,-34.41860728649268,8.867150539763974,66.49077161016598,-13.46395931034688
Rs4081|2012,-36.18245550720056,9.666385846126262,64.27266270920863,-13.666831768808851
Rs4874|2013,-34.86738724215784,8.078532935659586,62.46010140421109,-13.26486447103322
Rs4255|2013,-35.21145307050188,9.354931591567988,63.210680844017126,-14.335554555170397
Rs9401|2015,-33.27039679364992,7.255624658163003,62.25476135054677,-11.701393169834954
Rs672|2006,-30.628373651219626,4.467797019352709,62.03280828273646,-9.691499380914438
TW6|2003,-34.20275208697461,8.288096547181686,58.969723115747506,-12.327967338383797
CUHK_AG03|2003,-34.276938639792384,8.269809529650972,58.84646031487588,-12.347871351598576
Sin842|2003,-33.70616121465916,8.086628326868096,58.96257327115235,-11.495231615125888
BJ02|2003,-34.21954944987571,8.052520389343876,59.67767001108616,-11.125362928286483
GZ0402|2004,-35.07784223477478,7.926857114468118,60.52413526331614,-11.348931756246222
GZ0401|2004,-33.64365124256988,6.277635880350337,59.104913808061944,-10.750477522573666
PC4_13|2004,-35.273743726088625,8.405491193063858,59.61242264479191,-12.494903917444207
PC4_136|2004,-35.87078259475298,8.884863313808982,61.97798330984242,-11.324730940472103
civet020|2004,-36.2731066788642,8.649715491589573,61.28926074348094,-11.472444872840182
HC/GZ/32/03|2003,-34.61760066491807,7.503344074287727,59.89445928772232,-11.15527520276036
Rf4092|2012,-31.995365367046837,6.433494134173412,58.921952359437434,-10.706724437235614
As6526|2014,-34.40280902644755,8.12339843603229,64.12273180554571,-10.844852454396666
Rs7327|2014,-36.492316033042364,8.857199403380216,64.08920412949267,-14.210447412845111
LYRa11|2011,-27.363295902745005,0.946782773610436,56.722156146464954,-4.8022064233754325
bat/Yunnan/RmYN01/2019|2019,-40.23067910956933,15.558627564541508,72.02961602187423,-15.838357925708886
BtKY72|2007,-27.745582703344077,11.090963707089314,71.26551985524169,-10.282810854461191
