tipNames,x1,x2,x3,x4
WIV1|2012,-0.40602210490358015,4.350294070980095,-0.25978804704177905,24.28656969570214
Rs3367|2012,0.06637511885263087,4.605688888960116,-2.68086494313859,24.216523404545736
RsSHC014|2011,2.6910959676855293,0.7751091430172186,-4.18392915423001,25.434367931568406
Rs4084|2012,0.055699557195687976,4.659539551703352,-1.3756145648676263,23.757582609213596
bat_SL_CoVZXC21|2015,-0.8829423710263804,5.4383232148397225,-1.9264763339923503,23.129091743977416
bat_SL_CoVZC45|2017,-2.31980430753811,6.361150813478156,4.353336555716282,27.60337770974966
bat/Yunnan/RaTG13/2013|2013,10.43899064391356,-2.7064073565231554,-21.073116509488536,29.44158715427635
bat/Yunnan/RmYN02/2019|2019,11.520709468351694,-2.618039229211692,-19.43449653058763,32.85536122348691
Wuhan-Hu-1/2019|2019,1.7769040308843447,-0.41918346286314995,-15.817277739192845,22.918542982024043
Wuhan/WIV05/2019|2019,0.8640613465412494,0.5509312852393429,-14.822155719276374,22.17949243326312
USA/IL1/2020|2020,1.3885701039248677,0.1485167750461424,-15.057887323286717,22.828865400636932
Yunnan/IVDC-YN-003/2020|2020,1.460145814682703,0.08648384440508605,-15.021444693703174,23.019433837323383
Japan/KY-V-029/2020|2020,1.4863150151081894,0.41435080486558096,-14.735040933659771,22.36742155607716
Sweden/01/2020|2020,1.7875493497507784,-0.16634348189973347,-15.48936766450951,22.519368771468084
Nepal/61/2020|2020,1.6053845099354132,0.46597752548102966,-14.860727827673482,23.047121990710767
USA/CA1/2020|2020,1.5912815397994384,0.4745554779838127,-14.751932446445117,23.397943081431883
pangolin/Guangdong/P2S/2019|2019,7.7718702437413,-3.567773254120839,-8.398033635789535,22.056835026165885
Rs4247|2013,2.9936592849794916,1.5567072800329553,-4.281803925877985,26.11661275624896
Rs4231|2013,-1.523008506295516,5.95242363151203,-3.5834273182905116,22.90108166223105
Rs4081|2012,1.5613942179089508,3.032785280728678,-3.575375321010075,24.669573833113823
Rs4874|2013,-1.5403411989593363,6.134243982113965,-0.3834401666353866,22.623362887135613
Rs4255|2013,-0.058402450745019485,4.961697919153307,-2.5547695987106875,23.812068475146855
Rs9401|2015,2.827602600353038,2.5979330216452965,-3.1110811520317716,26.426960823884126
Rs672|2006,4.436753546107137,0.3170192533444507,-7.191942049028004,24.888912493415393
TW6|2003,-2.5534472108012705,5.956374005865205,0.614387243092473,26.63076619867013
CUHK_AG03|2003,-2.3357608556387857,5.803846517933986,0.10582699688913005,26.721328426294203
Sin842|2003,-2.5715114491336704,5.948185843328836,0.8431666196918034,26.66797451774611
BJ02|2003,-4.693889495477455,8.473754316482097,3.1566999477933306,24.96412613996575
GZ0402|2004,-2.451659141571268,7.239334681362721,-0.22422546535624566,25.144451041423025
GZ0401|2004,-2.14288210102204,6.480422336420064,-0.8666497660106953,25.17933590068944
PC4_13|2004,-0.2311556668944763,3.869150263187927,-4.019851704959925,26.263515779055894
PC4_136|2004,-2.002816049130055,6.492578862910678,-1.3163866719246133,24.66348668465245
civet020|2004,-0.39985837662044266,5.2072966893801285,-1.9671074840440916,27.395552898450113
HC/GZ/32/03|2003,-1.6935838718512517,6.69419079388411,-0.6740676613600649,26.169425361823485
Rf4092|2012,-1.3783891504632884,6.869113401531724,-0.2026839627735762,23.374448189234098
As6526|2014,-4.895103572370403,9.082873307377966,3.115922412367011,21.442916121149697
Rs7327|2014,-2.360251034015587,6.855911945739328,2.3132908561971894,23.359446885719347
LYRa11|2011,8.586445933748784,-2.4150589652519816,-11.838964462974896,32.25063188072551
bat/Yunnan/RmYN01/2019|2019,2.1915095588526388,2.7024096912308986,-3.9544194455778214,23.170879727259397
BtKY72|2007,16.3148321622348,1.5319647317720337,-18.384275641887985,38.842128783722856
