tipNames,x1,x2,x3,x4
WIV1|2012,-46.08840295810658,40.10903710309037,74.56999234562984,-39.75364598381725
Rs3367|2012,-45.914798500959776,39.69102202964268,74.61182320007788,-40.52881541854232
RsSHC014|2011,-47.39178702712949,37.64602757485246,75.02572234225941,-41.65614514543747
Rs4084|2012,-46.18883483015122,37.763839602775995,75.69512219873732,-40.46835079748866
bat_SL_CoVZXC21|2015,-28.6021495076678,22.834581733942912,56.87041947352583,-30.7116740441925
bat_SL_CoVZC45|2017,-41.64292744854531,33.73682268598482,71.37128230402745,-33.35628704571791
bat/Yunnan/RaTG13/2013|2013,-48.421855726285855,34.53239667807871,71.75054372667667,-37.35070399105996
bat/Yunnan/RmYN02/2019|2019,-40.45198053776377,28.512750187055254,64.59316781322971,-31.798616870003976
Wuhan-Hu-1/2019|2019,-48.51387459701856,35.495436876201474,77.39167566753426,-34.58783328032294
Wuhan/WIV05/2019|2019,-48.556161743207205,35.22774417395568,77.4118578976963,-34.7852773201718
USA/IL1/2020|2020,-47.239332954988775,35.02029384639485,76.02577178630953,-34.05264425737449
Yunnan/IVDC-YN-003/2020|2020,-47.53256169850396,35.48753583339048,76.88295733992337,-34.08002886913138
Japan/KY-V-029/2020|2020,-48.60905681399681,36.36753824957907,77.64115310043094,-34.47686429445348
Sweden/01/2020|2020,-47.369766075705044,35.37576213468451,76.3662585905198,-34.189159876106345
Nepal/61/2020|2020,-47.966595539012324,35.31019312941227,77.05638042560483,-33.93077674484356
USA/CA1/2020|2020,-47.81804083647955,35.04560368878387,76.89433868027332,-33.75651229140304
pangolin/Guangdong/P2S/2019|2019,-42.76830948952183,36.04212691575745,62.44675167825854,-35.12188148166628
Rs4247|2013,-42.384442965423595,36.731197866146225,73.08045313553647,-38.541742984056505
Rs4231|2013,-44.171500469222714,36.776929917355005,72.76171537400421,-39.02171473056635
Rs4081|2012,-46.92043761931044,39.09936394627233,76.31690167897118,-40.572058575359286
Rs4874|2013,-44.99526718120275,37.33380617214651,73.77584931467939,-40.01489625897938
Rs4255|2013,-43.55683307141068,35.902567828788854,72.1190683802971,-39.25652856385966
Rs9401|2015,-42.66095962450945,36.23385214078295,70.21557283399218,-37.019287475584605
Rs672|2006,-45.849613798548404,36.42508812860728,73.83600942133334,-37.23632938346281
TW6|2003,-45.430110286660195,40.45920889465696,74.91342583471639,-38.69870359834275
CUHK_AG03|2003,-45.61924892651633,40.61960215825561,74.99069443979744,-38.72014035320475
Sin842|2003,-44.58895936409043,39.56044905689155,74.24573132347327,-38.044982738074715
BJ02|2003,-44.97613487033214,40.28581276671416,75.13876842583308,-38.7583554402753
GZ0402|2004,-42.547359474043674,38.374370011978066,74.53665392246583,-36.29674786487137
GZ0401|2004,-43.542802992631984,40.13416676750906,74.90333400523264,-36.99118869852755
PC4_13|2004,-43.7308581465159,39.87533128695799,74.4914670440212,-37.966619753446686
PC4_136|2004,-43.29552721196489,39.63592856379879,74.20207019061249,-37.358137589180664
civet020|2004,-41.855499449646366,38.247413818440265,72.78866032690313,-36.759653483763444
HC/GZ/32/03|2003,-41.874329787884726,37.87529099724375,73.0998518850256,-36.40721539493269
Rf4092|2012,-45.0777419960569,35.44602316062432,73.69085315160035,-39.92497037417687
As6526|2014,-51.233738582033816,43.31001955979917,79.4064216065113,-43.53236636845524
Rs7327|2014,-49.57235369491509,40.86745666613914,78.80206805879918,-42.26239063087467
LYRa11|2011,-37.682119107660135,29.774047074985997,64.2730370351562,-35.26357611434177
bat/Yunnan/RmYN01/2019|2019,-44.53621806913746,37.15052825932742,71.07893174530838,-40.48244837545349
BtKY72|2007,-23.75048766994242,8.184879379014184,54.35756175287418,-24.196491186730178
