tipNames,x1,x2,x3,x4
WIV1|2012,-37.264024675596055,27.94398283069285,37.96316114329907,-49.835923596751734
Rs3367|2012,-38.58426689720292,29.482910250629708,39.62915045741137,-49.706013148430024
RsSHC014|2011,-42.66145026907043,34.388076777958105,47.27755421507035,-52.58466541814125
Rs4084|2012,-43.36040674206528,35.594342701811264,48.612871334163025,-52.52938278906533
bat_SL_CoVZXC21|2015,-21.88861747575471,13.47809048327244,20.598812336496838,-38.87065987295592
bat_SL_CoVZC45|2017,-21.36556730081495,14.011935294941011,25.96663178464958,-43.26292218489595
bat/Yunnan/RaTG13/2013|2013,-34.90314166082211,28.958467634380273,33.431905605410996,-46.277359818916885
bat/Yunnan/RmYN02/2019|2019,-46.58268646132552,40.81753653478428,45.946633328983154,-47.19171166170108
Wuhan-Hu-1/2019|2019,-30.65553323731879,28.100145628319023,26.743918565618497,-43.37368575590467
Wuhan/WIV05/2019|2019,-31.031597136408003,28.8665494985402,27.300321550934967,-43.75055336403829
USA/IL1/2020|2020,-32.438434436317486,30.77388273933395,29.094052775170663,-44.335682414540436
Yunnan/IVDC-YN-003/2020|2020,-32.86008414225122,31.31302657254534,29.61135709785714,-44.73197682617447
Japan/KY-V-029/2020|2020,-32.14793468069166,30.79302961528052,29.57047898938279,-44.527101448430976
Sweden/01/2020|2020,-32.299331216665166,30.37265927876305,29.2625055182803,-44.30410797027062
Nepal/61/2020|2020,-31.74174170397912,30.22699080794981,29.4140307611592,-44.33714977052252
USA/CA1/2020|2020,-31.778080954972292,29.960945682154637,28.881253286411578,-44.18500433023889
pangolin/Guangdong/P2S/2019|2019,-31.35041070819329,24.994813450547355,33.96765165573088,-48.091954204784145
Rs4247|2013,-37.29931523527236,29.450301048221963,43.600235903645114,-50.026546129673136
Rs4231|2013,-41.18572589245095,34.171845751610014,47.63018561937572,-49.004057020859555
Rs4081|2012,-39.47144230586401,31.50709197391672,44.78219377173273,-50.78145579723112
Rs4874|2013,-41.97671665475176,33.96445917127092,48.383101873799326,-51.06532060996796
Rs4255|2013,-43.498696911770374,34.46547794903193,49.713181762951606,-52.777344517119346
Rs9401|2015,-38.64495956200687,30.014885187106554,40.08640943777722,-52.20075107522972
Rs672|2006,-38.69726737037351,31.23177679573983,44.117231522817384,-51.65421769576591
TW6|2003,-30.961867217146473,22.537922252620884,36.52689714426432,-46.10274648994489
CUHK_AG03|2003,-31.091417695022265,22.549914977751158,36.557079403848114,-46.10002645068375
Sin842|2003,-31.077009422305434,22.794182339528632,36.281758349810865,-45.48892889950407
BJ02|2003,-31.535942968090826,22.598109751286508,36.55305551889871,-46.4631084395163
GZ0402|2004,-32.82791863483165,24.74787777742553,37.55119245616216,-46.47486715433759
GZ0401|2004,-31.11087340293498,23.061687992159914,36.45609332347423,-45.456904453080284
PC4_13|2004,-31.461259744104627,23.557428082897335,36.50217487770689,-45.368701652290945
PC4_136|2004,-31.93679467576615,24.43708734839112,36.98580008797922,-45.18916298297446
civet020|2004,-32.88835360403956,24.814847417467984,37.45774165571201,-45.30354778639446
HC/GZ/32/03|2003,-32.73870459346545,24.609510011318534,37.55865023053369,-46.005810362607654
Rf4092|2012,-38.31920594500326,28.996999578336457,41.35732767373153,-49.33862848285489
As6526|2014,-41.42214185983927,33.79994193510617,45.33171930672354,-53.72735756377088
Rs7327|2014,-39.51697042710396,31.00348407656487,43.797054201636975,-51.308185261052046
LYRa11|2011,-51.63979177492806,43.86413872876247,53.18572584438911,-58.21872166087628
bat/Yunnan/RmYN01/2019|2019,-41.56057207744241,34.404174142700995,46.25698170093517,-47.43326474117994
BtKY72|2007,-15.841035044520378,6.862690399028729,15.951907343707491,-36.942042093884396
