tipNames,x1,x2,x3,x4
WIV1|2012,-21.60431902277106,25.58812541438175,20.439510539790867,-30.719021434351394
Rs3367|2012,-19.688205621406173,23.122822599301895,18.883216689126655,-29.545740490984866
RsSHC014|2011,-22.255257379412708,25.116367247007403,24.145920481706327,-29.49601067835082
Rs4084|2012,-24.469083147892967,27.200507568510602,24.802997144783927,-30.882301830090256
bat_SL_CoVZXC21|2015,-23.189839072856813,19.643887822779792,13.144780600036736,-32.40593678311582
bat_SL_CoVZC45|2017,-25.08201908655326,23.657714430663503,16.800816055279608,-33.247903508127095
bat/Yunnan/RaTG13/2013|2013,-14.39378640039265,19.543018456481853,4.855783310267944,-38.0351363771165
bat/Yunnan/RmYN02/2019|2019,-20.282922726330224,21.759106361477546,5.810815540887659,-46.23165167885514
Wuhan-Hu-1/2019|2019,-13.543783035116235,17.451079654606154,10.34602433943357,-30.81482815978804
Wuhan/WIV05/2019|2019,-13.596295631462974,17.760663080732417,10.64071586457599,-30.75962034225881
USA/IL1/2020|2020,-14.51981137254951,18.501916149836404,12.52611104711667,-31.613621498688364
Yunnan/IVDC-YN-003/2020|2020,-14.229988156272613,18.06541889754965,12.060973964332955,-31.38317756707161
Japan/KY-V-029/2020|2020,-14.67229529649071,18.50019215047386,12.418396556983591,-31.787186992307017
Sweden/01/2020|2020,-13.950747048455085,18.061375532877797,11.25837460904187,-31.69128580315387
Nepal/61/2020|2020,-13.5969681586466,17.701728015217334,10.730385981636104,-31.0281056452978
USA/CA1/2020|2020,-13.2519470717638,17.07479937762088,10.279787864151794,-30.867359537267646
pangolin/Guangdong/P2S/2019|2019,-15.554407223343098,26.069202064986662,9.378865918050527,-28.776646760589333
Rs4247|2013,-25.25900054558774,26.532901102035254,23.948934166908323,-28.975358072864708
Rs4231|2013,-22.094723441187,24.212575816734137,20.00395008246496,-28.429728355004634
Rs4081|2012,-23.605307682378946,26.64836413343696,23.79734164446232,-28.398272266779596
Rs4874|2013,-22.827884315051808,24.527026924191112,22.52444799848335,-28.61442856214246
Rs4255|2013,-21.28234209943641,23.61264476752289,19.973474083629604,-28.87396273433062
Rs9401|2015,-19.739697396699302,22.504799115352323,18.021322997472474,-30.297094786475057
Rs672|2006,-16.761386594636235,21.417289400894166,18.11399917277762,-26.33268287112768
TW6|2003,-18.368601658120763,22.49087287567972,22.355016470861337,-21.51170933873128
CUHK_AG03|2003,-18.61676218097858,22.72613620763794,22.693193382458336,-21.64684311427813
Sin842|2003,-18.77711116086429,22.860236886666367,22.821574833498985,-21.317415031498577
BJ02|2003,-17.35379454092646,22.079684677578562,20.998699738285357,-21.169524300302207
GZ0402|2004,-19.526593767848702,24.758151100390126,24.03044713876481,-22.296613728804157
GZ0401|2004,-19.94194070632198,25.29378911151409,22.560913943553253,-23.571495471942825
PC4_13|2004,-18.635406593068254,23.18074782428017,20.84862572771699,-21.564309803267555
PC4_136|2004,-19.56283214315527,24.381070641363266,22.240442885327056,-22.685861900591558
civet020|2004,-20.119434828187252,24.117413301580203,22.845850284355013,-22.563051345621744
HC/GZ/32/03|2003,-18.96994742295342,23.502161895666667,22.34106421391929,-20.989999939477634
Rf4092|2012,-18.22032854220994,22.20569021239499,17.41636009412004,-26.00366589177929
As6526|2014,-19.74874331749876,23.2439240843566,18.91591805720705,-28.926606689812207
Rs7327|2014,-23.830322036704043,26.54345489087665,23.723821403485303,-30.265497034659344
LYRa11|2011,-18.982843610816477,19.123858616936953,21.85105626054557,-20.244842407126264
bat/Yunnan/RmYN01/2019|2019,-14.201547060147933,15.684422530421054,9.57493265243349,-25.133993568590327
BtKY72|2007,-22.738816053576354,28.056395679045462,3.6230769865628316,-39.14328083780114
