tipNames,x1,x2,x3,x4
WIV1|2012,-19.552249725168377,14.914511235159063,2.0969601575171333,-41.34308638378632
Rs3367|2012,-20.918217784893777,15.678716618569663,3.9655284588855997,-41.28119195363694
RsSHC014|2011,-21.21634096770606,16.2899252858087,3.087402149696382,-42.95459202449438
Rs4084|2012,-22.72440433330395,18.282455272946656,6.0872753961675805,-42.80785735846751
bat_SL_CoVZXC21|2015,-30.57078181126269,22.33657327520298,16.495958132512765,-45.30221925256989
bat_SL_CoVZC45|2017,-28.256529003341093,20.203525867066595,11.539367273225205,-45.41477896786464
bat/Yunnan/RaTG13/2013|2013,-12.892738398169687,3.6720845245234903,-7.966105202076028,-40.04952660784774
bat/Yunnan/RmYN02/2019|2019,-16.03816413244229,4.901806295653502,-3.582670171590603,-40.80936964451353
Wuhan-Hu-1/2019|2019,-9.326183030822747,0.8351393502669574,-3.644006085952213,-30.56810783103996
Wuhan/WIV05/2019|2019,-9.34376987358019,0.9748411349747885,-3.5186319785592035,-30.360475989475265
USA/IL1/2020|2020,-10.475948484045713,1.601024374726441,-2.143312710740448,-30.770400593444947
Yunnan/IVDC-YN-003/2020|2020,-10.644918948958859,1.64002233986824,-2.0686813156897252,-31.037201813736832
Japan/KY-V-029/2020|2020,-10.192730795785666,2.010834313470979,-2.304019718523288,-30.337018055051686
Sweden/01/2020|2020,-9.682015061549501,1.2225158884656342,-3.011051425649681,-29.988709261346607
Nepal/61/2020|2020,-10.875280420425451,1.7108712582974976,-2.5956778123784834,-30.665165643146125
USA/CA1/2020|2020,-10.93094211488229,2.3710838990502303,-2.2130731169794577,-30.364458870581203
pangolin/Guangdong/P2S/2019|2019,-19.955699261380865,11.273851934943647,-8.510144177851553,-45.69854248656465
Rs4247|2013,-23.45348080879747,19.164666398249427,9.576178612577786,-41.14866465529217
Rs4231|2013,-24.5819238336015,18.60926909643406,4.932598271730362,-45.12365819774627
Rs4081|2012,-24.138983853131304,19.05528062992883,7.801695549198803,-43.03083618753413
Rs4874|2013,-26.072470148428938,20.83990795610146,9.332103702262117,-42.99319867949967
Rs4255|2013,-21.182791243268383,15.185528490964668,3.3389769693863687,-41.48951027541135
Rs9401|2015,-16.443055225035625,10.349727684302865,-2.8650924842966496,-39.69808212105852
Rs672|2006,-28.12993291457259,22.289891473338546,8.47722502307006,-48.13637743761469
TW6|2003,-22.333293288014005,12.8026016852782,5.349808529000339,-43.80753975232384
CUHK_AG03|2003,-22.290061564738195,12.723416429278057,5.468040518733232,-43.75859868784748
Sin842|2003,-22.405876951565475,12.794552714316067,5.251240502266121,-43.68466862808775
BJ02|2003,-20.07053643588064,11.284872164023103,3.020195881531703,-41.91013096389821
GZ0402|2004,-22.292809827316493,12.551695967580873,4.822965132684978,-44.32070833656144
GZ0401|2004,-20.607288981381856,11.337459784512438,3.566738463664433,-42.07902086124852
PC4_13|2004,-22.165047682081376,13.42399319019412,5.72561320357371,-44.23667726370284
PC4_136|2004,-21.408280427179474,13.052951972799585,4.559095994824223,-43.822480904708534
civet020|2004,-20.648313539566168,12.05700725041123,3.4540708333557104,-43.46778737973981
HC/GZ/32/03|2003,-20.94577035187635,12.33028340358432,3.6843193461625625,-43.32976708755227
Rf4092|2012,-18.485540329553167,14.667619344945436,1.7194281507660234,-39.39103518667037
As6526|2014,-20.182592726916706,14.708083538180261,2.9292240521726702,-40.534054324005
Rs7327|2014,-21.313964229039822,15.530934291420861,3.3062711931528814,-41.638193723385555
LYRa11|2011,-12.92276040393969,11.557175514801422,-1.5497498491708583,-38.861502715532005
bat/Yunnan/RmYN01/2019|2019,-30.58361369720813,24.797627241239272,11.693819361168142,-47.78919255058548
BtKY72|2007,-46.174800450529546,34.76777479772177,33.38030223976738,-54.83926072021077
