tipNames,x1,x2,x3,x4
WIV1|2012,2.554552059956925,-15.802346072661411,4.814089850522534,-7.112724227733024
Rs3367|2012,0.37419623479534075,-14.53939661753791,5.765516728163295,-9.174400799515286
RsSHC014|2011,1.4210611007114782,-14.436724854634432,4.4197095445178824,-9.316341361619378
Rs4084|2012,0.6953450243113168,-14.924524533762188,5.454882772292827,-7.984763003800977
bat_SL_CoVZXC21|2015,6.535003714115181,-15.763504286815271,5.937450737814464,-1.3160670201992668
bat_SL_CoVZC45|2017,0.22680383374404367,-10.866552323354219,13.829119252389374,-3.0786397449231306
bat/Yunnan/RaTG13/2013|2013,11.299458212163861,-18.312862379738814,11.137448981200611,7.168319044181458
bat/Yunnan/RmYN02/2019|2019,7.3201469929295815,-21.26124125332515,5.758239350262718,1.2337396245726282
Wuhan-Hu-1/2019|2019,4.158870825649114,-19.256955534120422,12.778663619556863,-0.813745810686544
Wuhan/WIV05/2019|2019,4.124113511002426,-19.310482238533293,12.436439502124083,-1.0455905309790217
USA/IL1/2020|2020,3.4171073793715063,-17.687649290193562,13.46653263125907,-1.5196273299722616
Yunnan/IVDC-YN-003/2020|2020,3.1081693089844213,-17.580437121381102,13.947610918084017,-1.5660260282736151
Japan/KY-V-029/2020|2020,4.4837213333171615,-18.645536124053326,13.117684190685194,-0.5800002497508205
Sweden/01/2020|2020,3.4463811035358023,-18.368076002086262,12.988314265428798,-1.7691283412952055
Nepal/61/2020|2020,3.361773406920759,-18.39201476036944,13.276127887557045,-1.6709869912715611
USA/CA1/2020|2020,2.872251985621487,-18.405019764800404,13.935009499607263,-1.314358375619873
pangolin/Guangdong/P2S/2019|2019,3.1951311701850784,-14.611321242923399,11.019022740434883,3.954323448007523
Rs4247|2013,1.344164997249757,-13.848233047768144,5.607189948659578,-8.433594995232893
Rs4231|2013,-2.506448014544734,-12.434463206665708,8.926398573703402,-10.989561712067392
Rs4081|2012,0.1835243948041801,-13.379274090383275,7.695556249384418,-9.656876766301645
Rs4874|2013,-1.0201370565865742,-12.550489212510861,8.388546874087561,-9.56728736474586
Rs4255|2013,-0.8409569164291528,-12.881188774515444,7.480227783773212,-10.362855953126928
Rs9401|2015,2.230511639997289,-15.256061191472103,2.732164707710231,-5.646160886372728
Rs672|2006,0.016257383584093787,-14.874684756810227,8.557577609046275,-11.827712404653296
TW6|2003,-3.4758785417581426,-8.9526009817912,14.632619332168058,-12.13818090053622
CUHK_AG03|2003,-3.4515077911915606,-8.942722779267013,14.50634535606747,-12.247097184382008
Sin842|2003,-3.770903801629196,-8.404014233683808,14.794024305149476,-12.386651527114356
BJ02|2003,-4.546464162406418,-8.063572836567241,15.747847305297467,-12.150594412442544
GZ0402|2004,-3.8003807584043034,-8.708331120380665,13.218522911595041,-11.738015282293269
GZ0401|2004,-4.923060142802241,-7.635925585106896,14.28654873081427,-12.568078130346084
PC4_13|2004,-6.142474976569932,-7.1759302839218275,14.708049329619053,-12.912207208826812
PC4_136|2004,-5.707226335717661,-7.953558174732561,13.918806844978613,-13.601955999372963
civet020|2004,-4.642909071921364,-7.622429024181674,13.525583185613971,-11.647911524568942
HC/GZ/32/03|2003,-6.2719044225695315,-6.692474651722211,15.522660629235443,-12.906169720093727
Rf4092|2012,0.7918283343892158,-13.22108681095125,5.3386163434476686,-7.279506315239745
As6526|2014,0.40232706793669526,-16.06298046091464,6.119128366133694,-9.289347354230678
Rs7327|2014,1.1328292391903279,-16.37415255281179,6.055625952970298,-8.010645615978794
LYRa11|2011,-5.572975933998594,-7.990764174905063,19.802218844287395,-9.545831323356055
bat/Yunnan/RmYN01/2019|2019,-0.04389001491404132,-11.762793905379613,11.433820926029437,-7.18332043452643
BtKY72|2007,4.391217056535797,-16.180337568407225,5.246920745818831,6.909642407018721
