tipNames,x1,x2,x3,x4
WIV1|2012,43.176306997778624,-23.068448676945373,-39.8910145578068,44.493727735080554
Rs3367|2012,43.00583340425562,-22.324154559113826,-39.017340239212686,43.850395029032946
RsSHC014|2011,41.45656801567657,-21.805367882669692,-38.824865533932154,41.8268564166615
Rs4084|2012,39.048707889945696,-18.011982906460812,-36.22762591851748,40.458913825201115
bat_SL_CoVZXC21|2015,40.84259402489275,-22.105438564032195,-41.16448258526859,42.31890392966701
bat_SL_CoVZC45|2017,39.08021136777172,-18.733348563899206,-36.50298736810359,42.12163575639768
bat/Yunnan/RaTG13/2013|2013,35.37483891087241,-12.622618710321007,-31.008031520521087,37.062494727731995
bat/Yunnan/RmYN02/2019|2019,33.422787227974744,-17.24667764221167,-24.355944421194327,36.19223284369308
Wuhan-Hu-1/2019|2019,38.154948768491444,-19.33051289560946,-41.84488909316372,34.24263926203438
Wuhan/WIV05/2019|2019,37.77920404545141,-19.103271772623685,-41.18494259488218,33.582839061906924
USA/IL1/2020|2020,38.557898127835706,-18.619864530092674,-42.09110698066599,35.09602746194629
Yunnan/IVDC-YN-003/2020|2020,38.93327922175559,-19.145421319944138,-42.55489319732156,35.114346347599955
Japan/KY-V-029/2020|2020,38.191653199905424,-18.966977175346234,-42.417212350888065,34.21997716277806
Sweden/01/2020|2020,39.333303289765084,-19.96000364613895,-43.74770473101931,35.19750578975412
Nepal/61/2020|2020,39.82150868559141,-19.811917594601443,-43.39990655766471,35.409316783862366
USA/CA1/2020|2020,39.35133745826279,-19.03028778462192,-42.13547101299896,35.59790029405818
pangolin/Guangdong/P2S/2019|2019,27.603413671585088,-9.140916247754042,-24.742725265030508,29.81015524655988
Rs4247|2013,45.58097367064319,-24.52542950652053,-43.60025420756968,43.68745604427863
Rs4231|2013,47.191006433136266,-29.39492429877796,-44.93314469042526,45.15321811785385
Rs4081|2012,43.82729991987992,-24.573366495739833,-41.70244153891157,42.74793375791564
Rs4874|2013,42.1723647375965,-23.152784295124295,-40.719589740055575,42.0026083031035
Rs4255|2013,41.96150250006828,-22.99632876055226,-38.760319665154356,42.547668730305894
Rs9401|2015,42.25357795891423,-19.11807822355227,-36.18005481065711,42.41160723502976
Rs672|2006,43.697822703870216,-24.99981972747194,-40.90441668775839,44.36849925649468
TW6|2003,47.65531319715239,-28.73307002236028,-48.91190868212711,47.294877982868414
CUHK_AG03|2003,47.632274508454984,-28.793907636338336,-48.99467488372614,47.19782910520135
Sin842|2003,48.55539462933673,-29.57489026181853,-50.03318817119502,48.18071608451956
BJ02|2003,46.7317557544471,-27.444563711852464,-46.9596564744697,46.70044621530785
GZ0402|2004,44.00710049630619,-25.142857472769215,-43.73294232840877,45.78262522013614
GZ0401|2004,43.24144067206909,-24.43648995616323,-42.54855159416926,45.33835955284946
PC4_13|2004,43.42756530122833,-24.762502183792023,-43.79892355234664,44.80290386563864
PC4_136|2004,43.120075085826386,-24.500387501117928,-43.881988082086686,44.05421356061167
civet020|2004,44.63406102049728,-25.676130895974385,-45.660808793088215,45.59282389403746
HC/GZ/32/03|2003,43.01754677884122,-24.46289361193661,-43.745517961862134,44.43347634394502
Rf4092|2012,39.40966768191883,-21.501551832142585,-38.49330375469788,42.67308843144846
As6526|2014,39.85260644352298,-21.80860082816241,-38.70134231328657,42.19047146238823
Rs7327|2014,40.158972275189576,-20.63989226558182,-36.97054096482705,41.89975314621785
LYRa11|2011,42.43160935339701,-24.158215375111883,-41.14037509247727,40.17528512839548
bat/Yunnan/RmYN01/2019|2019,45.44400810971787,-27.58651925013088,-44.914287698977574,44.518324488985435
BtKY72|2007,61.56545916140682,-36.346960893370266,-80.7351503076753,57.40982776154407
