tipNames,x1,x2,x3,x4
WIV1|2012,20.681237748381434,24.402813420270046,-5.173356797613528,33.71857237272538
Rs3367|2012,21.12030302486442,25.43115819160787,-4.279776931715936,34.081966929657845
RsSHC014|2011,19.229753685194776,26.255103750382638,-3.1302697258701575,33.11442050349182
Rs4084|2012,20.518085727517956,26.064278921313125,-4.465161298575853,34.11308861410528
bat_SL_CoVZXC21|2015,23.85026118504738,23.62638752793739,-13.928434349613967,34.26059151856527
bat_SL_CoVZC45|2017,25.727773659944198,24.283701884051982,-10.725397249153355,36.752469322477836
bat/Yunnan/RaTG13/2013|2013,16.619718444555772,29.027498847839553,-3.1403859197699324,29.138598666044846
bat/Yunnan/RmYN02/2019|2019,14.09346374042427,29.038255417255034,-5.539275359988293,30.44641110140477
Wuhan-Hu-1/2019|2019,12.046357047596189,29.381555156997553,0.5481669778270338,26.681183863693544
Wuhan/WIV05/2019|2019,11.513182361444379,29.751579873848662,1.2557944948935287,26.240070335811836
USA/IL1/2020|2020,13.765236983017186,27.45893369027365,-1.337111273552335,27.559431493389827
Yunnan/IVDC-YN-003/2020|2020,14.074013394814122,27.27356815694856,-1.2350932180554346,28.006761971599676
Japan/KY-V-029/2020|2020,13.082375304702744,28.55086142063357,-0.20649059726014798,26.58621926979924
Sweden/01/2020|2020,13.522502451757571,27.954082551942708,-0.42535639873580416,26.996998872909113
Nepal/61/2020|2020,14.166990806203703,27.534324955691474,-1.2948384404124504,28.17547119730758
USA/CA1/2020|2020,12.977200509529947,28.559586340149814,0.18113597744115206,27.660684923290763
pangolin/Guangdong/P2S/2019|2019,28.83093129596436,17.35437863006458,-17.33020594918778,40.88960255223607
Rs4247|2013,24.5829057305579,23.413201658874428,-6.402253313170071,35.99211860301757
Rs4231|2013,19.92349282730044,23.912775550786527,-6.983696666200233,30.235169607365464
Rs4081|2012,23.223406927739106,23.131003933039086,-6.473992890841055,34.37758529545852
Rs4874|2013,22.52078526005136,23.786293191422814,-7.018284676471084,34.74309216790195
Rs4255|2013,21.534931816379725,23.341300011006137,-6.666474136475413,34.15398165859143
Rs9401|2015,22.789276590820155,23.040358280858257,-3.0228753067974066,36.573258390428286
Rs672|2006,21.258297041975155,26.0123288504825,-4.959588387470681,32.45651589200368
TW6|2003,18.99404870498124,27.05218539491561,3.2051849045070493,34.57203696390288
CUHK_AG03|2003,19.274915476451465,26.778761103430092,2.962215548753977,34.83169931063954
Sin842|2003,18.628756289015005,27.15554340450347,3.497835381878312,34.4167124664348
BJ02|2003,15.966078972304633,29.46957160951273,5.93789303350433,32.59165055892905
GZ0402|2004,19.343955114569432,26.01712180482815,1.5535638615697875,35.970310838321254
GZ0401|2004,19.272957452913076,26.164334529107474,1.582435913430805,34.88994724302996
PC4_13|2004,19.765059753787348,26.51188904682067,1.8693493513695572,36.012766126436716
PC4_136|2004,19.99143759714012,25.380711512921074,1.0984866801240163,35.67047572782825
civet020|2004,20.25392378289687,25.735645692879018,1.0944298915320112,35.34506319924997
HC/GZ/32/03|2003,20.02708872657896,25.706798623302486,1.0841130845832851,35.49745133023032
Rf4092|2012,24.282971435035023,23.23380659274275,-8.543954180506272,34.11314157800928
As6526|2014,20.649707171511746,25.63876505818736,-3.6115615491329875,32.584239399872295
Rs7327|2014,20.176047516064642,26.266265780883966,-4.382952135535672,32.51099339525969
LYRa11|2011,27.915695404131295,16.65053327676266,-12.875440895696936,44.69158748329554
bat/Yunnan/RmYN01/2019|2019,21.308535592351983,21.832730636028526,-3.9855837074261338,34.30601911762551
BtKY72|2007,42.349881646203826,17.919497026701343,-25.71963714710148,37.42735194773565
