tipNames,x1,x2,x3,x4
WIV1|2012,34.22025286866296,-28.817772397978278,-45.62073808571558,3.6291473362182294
Rs3367|2012,33.84831702615397,-28.16227131662484,-44.56891937420628,3.539383901882493
RsSHC014|2011,33.98198454811482,-29.407756094406466,-45.607170861458584,3.1182996095223112
Rs4084|2012,37.227635174946805,-31.57262095479423,-47.83843623670721,4.839797829358942
bat_SL_CoVZXC21|2015,41.13612641901482,-35.95627930937369,-49.90291626778141,8.659906560041295
bat_SL_CoVZC45|2017,37.45624988148181,-32.619245339575265,-44.24397660650476,11.104731537239942
bat/Yunnan/RaTG13/2013|2013,19.07148937790848,-17.304610337833427,-23.707268906505043,-1.2751113610452822
bat/Yunnan/RmYN02/2019|2019,23.91987656651771,-22.731826939041397,-32.63350903981185,1.0794696098763295
Wuhan-Hu-1/2019|2019,37.31479287403102,-33.65066297993125,-44.765692297816834,8.091290092415822
Wuhan/WIV05/2019|2019,36.926799476480134,-33.30349145178306,-44.439591689683525,7.961692948166143
USA/IL1/2020|2020,35.67609164493233,-32.165437332940094,-43.59442800019525,7.397767982921153
Yunnan/IVDC-YN-003/2020|2020,36.49463921628649,-33.06990318019431,-44.40715394120966,8.137080099975856
Japan/KY-V-029/2020|2020,36.6753480556334,-33.260182470884175,-44.40027469976074,7.989742692508955
Sweden/01/2020|2020,36.14896223198445,-32.76466933963708,-44.01959030706606,7.944462692789164
Nepal/61/2020|2020,37.41729166697215,-34.088102991747206,-45.110618770760084,8.730585658895006
USA/CA1/2020|2020,36.842002007085604,-33.05302052741268,-44.68467799988506,8.40099346124799
pangolin/Guangdong/P2S/2019|2019,7.701889634257128,-7.070225596223462,-18.93093139921573,-7.489365599763497
Rs4247|2013,36.12873585370271,-30.561474210325713,-46.710505921530796,4.858190629554594
Rs4231|2013,35.30061849165527,-31.828863248084325,-47.65372607367969,3.830982314288737
Rs4081|2012,37.11511696211283,-32.480375271549974,-47.87435844407834,5.273394380956386
Rs4874|2013,33.76450525161947,-28.784800018145855,-45.594868829428464,3.199573486724544
Rs4255|2013,35.25349462512584,-31.8521021153743,-46.845647939421184,3.768726740736799
Rs9401|2015,37.819395947649305,-33.65325815424462,-48.92574975248977,5.179059531834524
Rs672|2006,32.47397321913844,-29.696026743045895,-43.70755225886026,4.51737302024665
TW6|2003,38.29300752019525,-32.04708802932507,-52.11296102207716,6.0741528304703625
CUHK_AG03|2003,38.29210821914284,-31.96846787952553,-52.17188580475651,5.923461929017023
Sin842|2003,38.08024488733683,-31.958111802497374,-51.8043197585704,5.7970026386257
BJ02|2003,37.648574692960786,-31.742612103424523,-52.25243434626883,5.115923044274082
GZ0402|2004,35.745977371253865,-30.897759505549157,-52.36000407428497,3.4760963663512823
GZ0401|2004,35.285690196231776,-30.288895565574755,-52.26787567547139,2.7730183743437062
PC4_13|2004,34.6167826087368,-29.49410055287191,-50.166307131377266,2.9159693908991033
PC4_136|2004,35.701933890846455,-30.070745610698197,-50.708698801881496,4.740540933190504
civet020|2004,37.175029054755086,-32.268510796021516,-53.20880695412838,5.107419468976838
HC/GZ/32/03|2003,34.775750715315645,-29.916129749835523,-50.096528145078736,3.7231479166526693
Rf4092|2012,32.59575862099909,-29.053261880571135,-44.42350937655442,1.8861953890184573
As6526|2014,34.89361922222214,-29.845566390383024,-47.19030565581785,4.438098421107004
Rs7327|2014,32.00721559261015,-27.857491005004796,-44.01231836188451,2.81523570653844
LYRa11|2011,43.687850967060406,-34.293838341537175,-57.547883321327475,3.040226938827028
bat/Yunnan/RmYN01/2019|2019,32.14873945347719,-27.41439571185915,-47.19266346702878,-0.4712048273064355
BtKY72|2007,38.05416605388706,-39.13684129843173,-59.777655029869074,-6.250954993276725
