tipNames,x1,x2,x3,x4
WIV1|2012,-20.352735388293365,20.176051737453367,24.53857647698376,11.778631625951519
Rs3367|2012,-23.659729386081572,23.32355080351753,28.085827274160824,10.491940213411374
RsSHC014|2011,-24.197581661959898,22.58268655385728,29.127361101676883,11.381218130963486
Rs4084|2012,-25.176552337015906,22.589794601325792,28.807638764643098,9.52251880466488
bat_SL_CoVZXC21|2015,-19.6099638339503,23.565388175555263,32.33379046049015,17.279999350803244
bat_SL_CoVZC45|2017,-26.533399527641578,30.541737479254525,37.00629298758334,10.863821490755255
bat/Yunnan/RaTG13/2013|2013,-10.423644426301175,7.286664338624362,17.458360357477307,23.10065202969789
bat/Yunnan/RmYN02/2019|2019,-7.23327848371272,8.955342695024854,18.25333376462686,24.980492944869113
Wuhan-Hu-1/2019|2019,-8.156433684810816,9.543020887492668,18.63590743059259,27.658478788334303
Wuhan/WIV05/2019|2019,-7.317785639057383,8.823722633775906,18.024655708638935,27.980636652437113
USA/IL1/2020|2020,-8.202748537746391,10.05624097600682,18.324901193581752,26.917648788423158
Yunnan/IVDC-YN-003/2020|2020,-7.752670638804328,9.450675613400563,17.536098820755452,27.075833296912524
Japan/KY-V-029/2020|2020,-7.518367988150619,9.299761000432499,17.371383815300778,27.297208488085847
Sweden/01/2020|2020,-8.130887752500144,9.855686617411969,17.686931500175902,27.131496953671995
Nepal/61/2020|2020,-7.177738643534887,8.478965974547833,16.289797987908084,27.351088765904155
USA/CA1/2020|2020,-8.024585101259879,9.502483960739642,17.143164015675488,27.279744432291842
pangolin/Guangdong/P2S/2019|2019,-9.169113250116004,10.863385107891698,16.79719172813328,23.682825969334846
Rs4247|2013,-24.134551593991667,22.37428436486277,27.792123624984832,11.088195128090995
Rs4231|2013,-26.247237689439636,25.50993844540202,29.51102713511246,8.071834733205998
Rs4081|2012,-24.244696207582606,22.276414667570474,28.86281496356724,10.27249996404908
Rs4874|2013,-25.134975652814994,23.240992268738665,28.098537549694367,9.717884796423949
Rs4255|2013,-24.31309941519536,23.516211093418523,29.50409227382807,10.585161055356958
Rs9401|2015,-20.022826214113472,18.225158843037516,22.247506775419765,9.538866971301527
Rs672|2006,-25.576505336687685,25.856127020684287,30.3132223089356,9.28522293270937
TW6|2003,-21.688744881534184,23.399423018107644,27.579469444354018,15.275469716062881
CUHK_AG03|2003,-21.557832077271346,23.4164594382966,27.60382900570787,15.368348191234212
Sin842|2003,-20.99465540409183,22.43199179308209,26.27898085420008,15.96426994595399
BJ02|2003,-21.177555501314433,22.27422025621871,25.18189462909907,15.574969793788549
GZ0402|2004,-21.78891374914906,23.05217704288984,26.2553971247085,13.972979097904236
GZ0401|2004,-21.52959972418805,22.277094478925328,25.378606087293367,14.615776529066748
PC4_13|2004,-24.168184507339465,25.778790623659013,29.007297932109637,11.917184661818377
PC4_136|2004,-23.7427389142868,25.006591759185085,28.17881571786238,12.041682050830813
civet020|2004,-21.218380763525353,22.31756739652839,23.96552452150011,13.894625153462991
HC/GZ/32/03|2003,-22.00791398471127,23.447579709235157,25.85570418644852,13.73129753724788
Rf4092|2012,-24.047762604493368,23.665737071648156,28.01669643078947,11.184737271826657
As6526|2014,-21.066846962400753,21.242001677317315,25.687959959201553,11.907176233277356
Rs7327|2014,-25.98375922904141,24.85975703213658,28.735404110368496,8.529184484534994
LYRa11|2011,-22.050954732065957,22.202579481317812,23.056124839319402,13.638728407960805
bat/Yunnan/RmYN01/2019|2019,-23.957179340312734,24.38823779901922,26.81395052239748,10.08473875964654
BtKY72|2007,-32.52511600383652,32.568331640440526,35.44431742039855,2.1921181564765306
