tipNames,x1,x2,x3,x4
WIV1|2012,-14.065480727177933,-20.075484761263052,-54.401280330317235,-9.925598080874916
Rs3367|2012,-17.497524626755336,-17.342053096888105,-51.08033080259206,-12.253744703547426
RsSHC014|2011,-16.95503815687277,-18.376344087381394,-51.814359510931844,-12.145860317000622
Rs4084|2012,-19.70420486071304,-15.992832049481308,-49.080168745414085,-14.031012782938141
bat_SL_CoVZXC21|2015,-21.595338321751036,-14.237312609951545,-46.59645882721507,-8.30977211234281
bat_SL_CoVZC45|2017,-16.99958042429756,-18.226012632568565,-49.35593283299312,-5.480051637653011
bat/Yunnan/RaTG13/2013|2013,-27.817928169330113,-10.26888035868161,-38.451057639745144,-17.992779191787076
bat/Yunnan/RmYN02/2019|2019,-42.00393122208077,3.856264495471175,-29.156509456410166,-25.445559829125237
Wuhan-Hu-1/2019|2019,-36.68745906755869,-5.861340148178685,-33.85272289689966,-31.50147555451742
Wuhan/WIV05/2019|2019,-36.656048490132456,-5.6768658922003095,-33.77769617293966,-31.601581756587137
USA/IL1/2020|2020,-37.69993880346266,-4.919020893837299,-31.753193171814274,-32.18395644027777
Yunnan/IVDC-YN-003/2020|2020,-38.50313185189149,-4.47492552529875,-31.162813771362707,-32.65788752354328
Japan/KY-V-029/2020|2020,-38.179530846365026,-4.509894184817396,-31.77398090090514,-32.208057982350475
Sweden/01/2020|2020,-37.451970516049954,-5.201994099129524,-32.82694131188304,-32.0455240348044
Nepal/61/2020|2020,-38.86450324536416,-3.8399946459665415,-31.397607528350203,-33.17115310999995
USA/CA1/2020|2020,-38.44346653958031,-4.453061712794311,-31.84699963859448,-33.113594278437766
pangolin/Guangdong/P2S/2019|2019,-43.93747068460652,0.4115960291116352,-30.70586000507848,-27.641853516943996
Rs4247|2013,-21.042205999556483,-14.97557655886657,-50.353120668454096,-15.776018670732759
Rs4231|2013,-25.690700564689667,-8.977778758461513,-40.42194150460106,-18.83640315593746
Rs4081|2012,-20.86981469083033,-13.435658795243276,-47.714743109166335,-14.825241910448984
Rs4874|2013,-18.360894994155352,-15.690258976129956,-49.520206202608136,-12.892382939042365
Rs4255|2013,-22.764122721075438,-13.228408292011746,-46.66671997776337,-16.809739762421792
Rs9401|2015,-17.189386278350273,-21.39491262292888,-55.04523533235335,-14.271644779581992
Rs672|2006,-18.78656844245448,-16.884256883159775,-49.677556449987755,-13.323689042829669
TW6|2003,-20.848403178489665,-13.800444959745754,-49.177089660437225,-15.726055985257078
CUHK_AG03|2003,-20.836224751328192,-13.767538824827,-49.237284784033875,-15.698065514138422
Sin842|2003,-21.505922163944348,-13.25667466476464,-48.651797423609715,-16.58860247453966
BJ02|2003,-19.132839018984562,-15.019259198617366,-51.287411563195526,-14.521732835207729
GZ0402|2004,-21.069454954713557,-14.173540113174424,-48.14977976694741,-15.624583053037426
GZ0401|2004,-20.76564809763955,-14.241564215657737,-47.72791045559041,-15.105238113445726
PC4_13|2004,-20.55269841624167,-14.580048198448203,-47.53911188789291,-15.524612265380561
PC4_136|2004,-18.807657615769028,-16.36581044437187,-49.901496504251796,-14.689304461473656
civet020|2004,-20.389075057943668,-14.524995195393918,-48.3820896647797,-15.344220602129504
HC/GZ/32/03|2003,-19.808439322809836,-15.136499440413495,-48.580363018804185,-14.470349191430124
Rf4092|2012,-18.88896757431828,-15.265734880923173,-50.402491731723856,-16.176025044704637
As6526|2014,-16.68630224001179,-17.52895213497648,-50.49051643788277,-11.274535083693417
Rs7327|2014,-18.83287911643116,-15.451105966798693,-49.04453035212418,-12.435900307762061
LYRa11|2011,-2.673849608657198,-30.08555483460264,-65.57442415533669,-5.587076098058529
bat/Yunnan/RmYN01/2019|2019,-25.816966474234356,-11.640129260406514,-44.10083633505747,-18.88803117246619
BtKY72|2007,-6.776736959582237,-12.076099814880077,-62.16730540571136,-9.056861614931094
