tipNames,x1,x2,x3,x4
WIV1|2012,0.9278930245911777,1.7823140613475519,5.8901121417184195,0.783971795519589
Rs3367|2012,-1.7576027075467946,3.3898170238254552,6.735177195436121,-1.3323479965928697
RsSHC014|2011,3.075207199522342,1.343924438172,3.592596904472994,3.743230437783771
Rs4084|2012,2.2211749656271857,0.6426345261376206,3.897623381862661,0.9357662919734893
bat_SL_CoVZXC21|2015,-10.396650448619122,9.409450844698446,17.831469503677365,-5.518911887751812
bat_SL_CoVZC45|2017,-4.645443555665177,7.046505099345723,13.07133186764273,-0.43822668499334405
bat/Yunnan/RaTG13/2013|2013,-27.003431682719498,27.37813205135957,36.970703167895465,-14.532492490805234
bat/Yunnan/RmYN02/2019|2019,-23.974658323244725,20.456585578483413,36.296633093670856,-7.946076337906556
Wuhan-Hu-1/2019|2019,-17.26825014356435,15.466080111625631,23.184416145879347,-3.0498820401755324
Wuhan/WIV05/2019|2019,-17.391489292591224,15.673639664055667,23.579945626631375,-2.937687039761985
USA/IL1/2020|2020,-17.860765483149333,15.606206408374875,24.038488903828352,-3.7338589608372157
Yunnan/IVDC-YN-003/2020|2020,-18.248509338636655,15.851235161412637,24.424984174756283,-3.500860955756444
Japan/KY-V-029/2020|2020,-18.10286132694572,15.577114870747653,23.89695645800671,-3.8728704439970763
Sweden/01/2020|2020,-17.288409846621704,14.543438378655804,22.80800077763828,-3.738157837517284
Nepal/61/2020|2020,-19.028020978503992,16.808315157865998,25.76355016640283,-4.100271691931898
USA/CA1/2020|2020,-18.693756239606483,16.685034329293483,25.401187994500308,-3.6518313802944764
pangolin/Guangdong/P2S/2019|2019,-10.093100394946088,12.71399724256632,11.70414051100918,-6.558762023902675
Rs4247|2013,3.385251609699294,0.7827462384310133,4.886675252263545,3.5412167501901886
Rs4231|2013,1.2224210125695125,1.1778737630902272,4.578598414413087,3.351002159465269
Rs4081|2012,2.104851546524273,1.2945877165261659,5.032502883674021,2.8156057553979887
Rs4874|2013,-1.1727665355907693,4.934675015910656,8.639871000407002,0.531151061916538
Rs4255|2013,1.6240962661689722,1.8195502100394776,5.392096373963196,3.012091953295101
Rs9401|2015,1.1363803429388746,-0.10393730243596674,5.313930817153315,1.2586021666979457
Rs672|2006,2.2629435863520007,0.114089384710783,3.278056036079522,2.7332431111476887
TW6|2003,-3.0549125402804065,6.038440234889624,6.345444351866824,-2.507708034761447
CUHK_AG03|2003,-2.7225811862997564,5.600474325838647,5.973981823243412,-2.3606767297904727
Sin842|2003,-2.6016794949652717,5.62591386379777,5.829332162595511,-2.4532755276151748
BJ02|2003,-4.115213326498754,7.2852784460420015,8.104333748753865,-3.8283704560465237
GZ0402|2004,-0.2399255919907326,3.431651063854154,2.598097165545127,-3.1417287882597593
GZ0401|2004,-0.7714275389228038,4.0906227185229405,3.4368582573879687,-3.747462046266361
PC4_13|2004,0.10366298065709878,3.845941317197169,3.6185362596174926,-2.669475116974367
PC4_136|2004,-0.030938958452520815,3.42505519794252,2.708741229462472,-2.209645520584824
civet020|2004,-1.6870202067947493,5.4202198156651145,4.200553615878929,-4.806322984065302
HC/GZ/32/03|2003,-1.7225649394894758,5.39720276416501,4.5574627068637925,-4.091462067251881
Rf4092|2012,2.7165517234743235,2.6551196259046868,1.0518623384288466,1.8910716330337909
As6526|2014,3.826400586100463,-0.5378158197742836,3.115617990773915,3.3841440556823863
Rs7327|2014,4.538440691281154,-0.8886982783862709,-0.5042018044183514,2.4401467115959683
LYRa11|2011,-0.18557975871917054,1.2966775688486962,11.037159481454779,1.0405191445771544
bat/Yunnan/RmYN01/2019|2019,5.7890794685239095,-1.268985979729468,-0.7495060797222686,4.013019528250996
BtKY72|2007,-20.353074353911644,17.886650771373336,34.99271067748418,-4.543808446614253
