tipNames,x1,x2,x3,x4
WIV1|2012,16.78055108156047,-33.26437785986977,-34.24426622023925,-0.8070071055927129
Rs3367|2012,15.771770463891858,-32.76320248263922,-32.12661845152397,-0.8887844289962044
RsSHC014|2011,12.448923986959043,-30.844197356018174,-31.469049179346413,-3.489238415334613
Rs4084|2012,10.813027046228218,-28.264258972297817,-29.57785962419459,-4.793486947843694
bat_SL_CoVZXC21|2015,15.759442201576785,-32.380637866990625,-33.488219249347026,-2.570936398522792
bat_SL_CoVZC45|2017,14.80032700075197,-31.411077681846137,-36.27974768679055,-3.1030861599084925
bat/Yunnan/RaTG13/2013|2013,14.608423062919556,-21.60046218057667,-28.313853169369004,-3.015550019897936
bat/Yunnan/RmYN02/2019|2019,1.8443564256119047,-9.733506380735998,-16.07799832230104,-7.216107535928149
Wuhan-Hu-1/2019|2019,8.263463620017033,-19.990776669652174,-22.773230098088188,-1.7744846722635392
Wuhan/WIV05/2019|2019,7.9010129896812,-20.087852589212744,-22.496972883563018,-2.037803084789984
USA/IL1/2020|2020,8.022138319318094,-19.40875419891887,-22.27650844129712,-2.615226475828021
Yunnan/IVDC-YN-003/2020|2020,7.66798443703524,-19.27997626678119,-21.929387042611694,-2.900580552495841
Japan/KY-V-029/2020|2020,7.481580688337777,-18.89897157350931,-21.9548108966953,-3.146822648009556
Sweden/01/2020|2020,6.857993696779661,-19.08160027379118,-22.10960122860008,-3.413508020267369
Nepal/61/2020|2020,8.019340370433989,-20.003928241630433,-22.98739030115939,-2.841646000675246
USA/CA1/2020|2020,8.536574315308066,-20.472396396603575,-23.351086547167156,-2.4776397507699404
pangolin/Guangdong/P2S/2019|2019,13.189506238130605,-24.6026829806466,-33.067096436448345,-5.273299680148181
Rs4247|2013,10.042343868148794,-28.627677593147993,-26.482306706944318,-3.739532842493954
Rs4231|2013,10.908007985586984,-27.223249297263152,-28.172528520526534,-4.816920255475134
Rs4081|2012,9.35029516026813,-27.064568564389983,-25.691924021450554,-3.832281697109992
Rs4874|2013,9.776860642230961,-27.19222023957707,-26.902549868977214,-3.1098325027946463
Rs4255|2013,10.567633577667614,-27.77293779359603,-29.022487803494187,-4.282858626716715
Rs9401|2015,13.766513045003022,-32.105179477278796,-34.99837786917309,-4.29758469130747
Rs672|2006,12.204523867152202,-29.254293175964964,-33.617032578145654,-5.271093102248587
TW6|2003,12.732875417977365,-32.571957765900855,-28.711490350119757,1.1998212009779214
CUHK_AG03|2003,12.788319591101748,-32.514717309775854,-28.738857064197063,1.0362465004270334
Sin842|2003,12.816571555914447,-32.82920450371966,-28.887233669602395,0.7970179331720804
BJ02|2003,12.256575483015402,-32.1803490254829,-28.423542377085273,0.40609517658137145
GZ0402|2004,11.07834982876517,-32.0006742036863,-26.60394727236108,-0.2699387367703421
GZ0401|2004,12.980101762131213,-33.82618453058255,-29.062725824645675,0.9416037847404338
PC4_13|2004,10.879532394598689,-32.47937303256071,-26.785341315376904,-0.8431200791799855
PC4_136|2004,11.023973863980194,-32.14231938894885,-26.752380938423606,-0.47256236050092604
civet020|2004,11.505670894819733,-33.1920308862868,-27.82330858317162,-1.2887014849737524
HC/GZ/32/03|2003,11.644086460944832,-32.58388977184858,-27.660858283706837,-0.4817987205715969
Rf4092|2012,13.717429004436811,-31.564104119110816,-33.546822596441324,-2.2446529698864155
As6526|2014,12.32585470456441,-29.556784155664204,-30.210991821561937,-2.9115513255298437
Rs7327|2014,11.840162485472817,-29.75364346074207,-31.060486401695286,-2.2995157010638194
LYRa11|2011,14.923110826523041,-32.979690433037504,-35.77165952515272,-1.9382316880324018
bat/Yunnan/RmYN01/2019|2019,16.432738014746516,-35.69932816309124,-38.13194298221243,-3.0286863138925164
BtKY72|2007,57.5706342070723,-65.18174104768337,-78.79620038879558,36.33282501575521
