tipNames,x1,x2,x3,x4
WIV1|2012,-12.0264913359739,7.816282843387538,13.093060617946861,-30.007575905255433
Rs3367|2012,-12.732552443387773,9.13737540599013,12.578987627354454,-31.145405259009106
RsSHC014|2011,-14.05540701392974,10.4832924214607,15.552515427609316,-31.135109455815677
Rs4084|2012,-12.50560133690429,8.097360167932086,14.261396085933903,-29.880851465522127
bat_SL_CoVZXC21|2015,-10.724706134161638,1.243443090143776,6.13096831076425,-29.587332356931046
bat_SL_CoVZC45|2017,-7.164996045722231,-1.1646706313446122,5.179414642480998,-27.698860897654555
bat/Yunnan/RaTG13/2013|2013,-20.956148460927672,15.563907050621884,14.082993075867996,-35.23811124672479
bat/Yunnan/RmYN02/2019|2019,-8.612796431932496,1.3896349237807932,4.658370541358721,-24.27548330659947
Wuhan-Hu-1/2019|2019,-7.085977307331441,0.7058186725388946,3.6816405662934946,-20.172747352910296
Wuhan/WIV05/2019|2019,-8.110292481262688,2.0826040792577047,5.2516531560538535,-20.781178902132872
USA/IL1/2020|2020,-7.700669086744814,1.8999017763840387,5.191809480877672,-21.00028831276063
Yunnan/IVDC-YN-003/2020|2020,-7.482719405741021,1.650121196133456,5.100306643475695,-20.82333865906596
Japan/KY-V-029/2020|2020,-6.888681412019622,1.0209525003032671,4.030099429724159,-20.29596182873408
Sweden/01/2020|2020,-6.820691734070994,1.013837262607923,3.792843657326859,-20.41086899384941
Nepal/61/2020|2020,-6.464102866319053,0.38417344009419907,4.164167350612166,-19.88917384796225
USA/CA1/2020|2020,-6.413468842444365,0.5265420927708623,3.5669698773207315,-20.759936157996428
pangolin/Guangdong/P2S/2019|2019,-2.5917478533503964,-1.6825152692118133,1.7053419758005433,-22.292685049674237
Rs4247|2013,-9.530074602289753,5.853854456245645,8.223143230249985,-28.438360866724892
Rs4231|2013,-7.862904494436189,4.691683847098586,10.601762612392044,-24.662354843248508
Rs4081|2012,-10.012959284640749,6.698976092742558,9.752765290765073,-26.28372225968186
Rs4874|2013,-9.9534674386125,5.9578453445956345,9.24558095499421,-28.321870669577276
Rs4255|2013,-11.766708512939854,9.264930265480391,14.139130122799122,-28.242322549470003
Rs9401|2015,-9.342431550666609,3.5732146443166988,9.473522822581367,-28.94348848807944
Rs672|2006,-13.193900368841035,12.287349835652766,15.259453883054011,-30.869249467631356
TW6|2003,-10.619929626389338,10.748026048515076,10.085536740226214,-33.24304889237034
CUHK_AG03|2003,-10.85944518452806,10.98761980956534,10.165220801806422,-33.33411748261747
Sin842|2003,-11.461011459497897,11.47439994805076,10.865787329778986,-33.121296664296395
BJ02|2003,-10.210055007179093,10.693993156202861,8.43801374599144,-33.845507448887325
GZ0402|2004,-9.758573718834212,10.273514870649867,10.105038176715112,-31.68229392409584
GZ0401|2004,-9.298767392147823,10.620510897015585,9.687118750627658,-32.49302068448143
PC4_13|2004,-10.521055243672476,9.750329382489818,9.35282006258027,-33.56567077071025
PC4_136|2004,-8.648076954818258,9.026899727269502,7.477976671500949,-32.673331091892045
civet020|2004,-11.741267479299635,11.292657900131484,11.155151886941841,-33.93341378090421
HC/GZ/32/03|2003,-10.653815504137308,10.703077718538827,9.951998206878075,-33.02413095701027
Rf4092|2012,-10.833632217934005,6.069666316390375,9.165637186837683,-28.732637602138848
As6526|2014,-13.126040562215955,10.206292866503482,12.65514307788805,-30.902176136675582
Rs7327|2014,-11.747147588973853,9.01445774398347,10.98093412322796,-30.442155914772304
LYRa11|2011,-25.45952114164458,24.002391842660863,24.96164093063407,-41.265394371521495
bat/Yunnan/RmYN01/2019|2019,-16.104818860978078,16.221683350565577,18.75890366687056,-32.59191481579173
BtKY72|2007,-10.175790048781977,-7.117991950328168,6.328171000465538,-23.809400349538862
