tipNames,x1,x2,x3,x4
WIV1|2012,1.8742110790632291,-2.290069279350691,-5.51682368971639,-17.479967793501874
Rs3367|2012,1.6891483418055717,-2.049111174038573,-5.946427191086817,-17.50129508819505
RsSHC014|2011,-0.6668501818973087,-0.9056402315510674,-7.106846517850326,-20.760927958023146
Rs4084|2012,0.2642641080541961,-0.03564824715414627,-5.223492558094724,-18.75409938585967
bat_SL_CoVZXC21|2015,6.055643325923252,-3.5241835924252602,-7.523120149831609,-12.627173423415364
bat_SL_CoVZC45|2017,3.0644398743614927,-0.10466410423938133,-5.085990505563995,-18.05532001678899
bat/Yunnan/RaTG13/2013|2013,6.513034042626056,-3.403066913499871,-14.436821236350974,-17.03484904484687
bat/Yunnan/RmYN02/2019|2019,2.179320670719628,3.4746367627326755,-1.5079769304060786,-21.798432855566556
Wuhan-Hu-1/2019|2019,12.235016658305375,-7.253049001985582,-20.004770379181835,-13.153300585025864
Wuhan/WIV05/2019|2019,12.5411204971571,-7.6003946578467945,-20.49196643403434,-12.819900119984734
USA/IL1/2020|2020,11.422438587150117,-7.221513520308412,-18.65229225601861,-12.150422407437924
Yunnan/IVDC-YN-003/2020|2020,11.797983214995757,-7.09202253498853,-18.479327092905805,-11.606022583367547
Japan/KY-V-029/2020|2020,12.691832130483185,-7.890557766696699,-19.59068011264332,-11.942043551077191
Sweden/01/2020|2020,13.262076234936146,-8.330982181370322,-20.852692518968635,-11.734373757659714
Nepal/61/2020|2020,12.8921138316062,-8.182360762936893,-20.69763293617179,-11.818093302859438
USA/CA1/2020|2020,12.774969540868682,-8.216128246736098,-20.536223323802353,-11.74914811217399
pangolin/Guangdong/P2S/2019|2019,25.341238892621597,-22.667117926043616,-29.66287346186671,-12.141614764014072
Rs4247|2013,-0.498050965802741,2.83737255675277,-2.696117521128471,-18.7499345357834
Rs4231|2013,3.3740984151188202,-1.4750495512766737,-9.709008401765084,-18.971145487213413
Rs4081|2012,0.5870858875121157,0.8644675261742228,-4.140186995750299,-18.29338997845894
Rs4874|2013,1.8730357718741102,0.9393473071967084,-6.120693786685219,-17.53319611529513
Rs4255|2013,-2.2662565898723734,3.8575367204301845,-0.35944245522902296,-20.16778952452877
Rs9401|2015,-7.072526448849588,5.118059804214822,3.637027404709412,-21.392116794026457
Rs672|2006,-1.08788031478329,0.33499562425878776,-4.744291907127169,-20.32367305230158
TW6|2003,1.7386714843466484,-2.1366491839112176,-6.684144582428347,-16.85334337566929
CUHK_AG03|2003,1.7836077306961262,-2.261370258810149,-6.8791655325805285,-16.78497154919034
Sin842|2003,1.926026218347467,-2.255239655035809,-6.403339600649459,-16.782284283872215
BJ02|2003,2.830029051217383,-2.0513089469164587,-8.629232244314364,-17.023580295158663
GZ0402|2004,-0.4370900487634264,0.07924501818183477,-5.534321622513627,-19.48624580210828
GZ0401|2004,-0.08445519817980138,-0.19063054481809755,-5.613456825292389,-18.46455606963671
PC4_13|2004,1.0165362649203609,-1.2257018769647217,-5.5723500222056845,-18.300726966136228
PC4_136|2004,0.8627962258959565,-1.134570276667212,-5.975859466894793,-18.234496550402074
civet020|2004,0.6456135877427092,-1.6187164665889262,-6.633628483372458,-18.41913866088199
HC/GZ/32/03|2003,-0.146945436148672,-0.10271737169186651,-5.355300755546218,-18.34356525962848
Rf4092|2012,-0.16448998570968065,-0.716667102325462,-1.3064753015012611,-16.892615810627568
As6526|2014,1.9190560632501872,-1.1138756215238501,-6.4929342341994944,-19.243887213542568
Rs7327|2014,0.7212475446132087,-1.1346446978959914,-5.631197437301394,-20.127788418950185
LYRa11|2011,10.606539733311164,-9.24324427690374,-10.749474149996413,-7.418305202021296
bat/Yunnan/RmYN01/2019|2019,-5.511258966457606,3.9689288740649102,1.2338440685329513,-21.549295357695115
BtKY72|2007,-12.910034936426074,18.635891952180167,8.562766781977498,-21.747575119428923
