tipNames,x1,x2,x3,x4
WIV1|2012,43.358521486899704,-47.20672870889457,-62.57626164278966,28.939360785116815
Rs3367|2012,41.080515956135294,-44.073771647351364,-60.2608381310434,27.848536372676822
RsSHC014|2011,41.55668344970459,-43.52581536485915,-61.1277354991925,25.832577501897298
Rs4084|2012,44.29162587601503,-45.537003694145255,-64.51637237234938,27.464131657484913
bat_SL_CoVZXC21|2015,34.35386311265785,-37.058965467455046,-57.453915282612726,15.33768568871834
bat_SL_CoVZC45|2017,29.026819291952563,-29.956800495935905,-52.01232440003635,17.17366686599447
bat/Yunnan/RaTG13/2013|2013,33.417575764418686,-35.050126270873626,-62.089603461619234,18.27638794151911
bat/Yunnan/RmYN02/2019|2019,31.628234747239286,-32.84466724759009,-51.996410886727524,17.04354164568535
Wuhan-Hu-1/2019|2019,24.58896565077027,-27.772665577024497,-52.45495866662928,17.93757351738721
Wuhan/WIV05/2019|2019,24.75872000638875,-27.78522497301859,-52.3312329979001,18.22667190050404
USA/IL1/2020|2020,24.41712371357939,-27.37007822522277,-52.30768641109815,17.971110853600553
Yunnan/IVDC-YN-003/2020|2020,24.88394649899245,-27.983870725809375,-53.059123568581036,17.904149048415462
Japan/KY-V-029/2020|2020,23.91299383290717,-26.64386859174779,-51.738535965206786,17.298212899485048
Sweden/01/2020|2020,24.86545757779819,-27.558613432890024,-52.239987892465685,18.37426550707766
Nepal/61/2020|2020,24.979733612880143,-27.51545789265332,-52.718545722391596,18.230072115661716
USA/CA1/2020|2020,25.492414232166873,-28.105359025642393,-53.261271890242504,18.342151173747613
pangolin/Guangdong/P2S/2019|2019,36.964243992535984,-37.59697940415098,-58.98812446762856,25.661907340431554
Rs4247|2013,45.477869610430744,-48.82659229635838,-66.24204482317118,29.20485990065217
Rs4231|2013,45.64118186067578,-48.06809753301872,-65.03916569356201,27.653906110275557
Rs4081|2012,44.61511924106549,-46.48246995966558,-64.49710564377632,27.77747357856279
Rs4874|2013,44.25000611355917,-46.57377163664541,-64.93506720357189,28.540264705380793
Rs4255|2013,45.058800705455035,-47.46482059419055,-63.96618761968002,29.780794873039813
Rs9401|2015,41.447660053415554,-40.536693935485474,-60.40714762810788,24.72430994707816
Rs672|2006,44.8805800888639,-48.222320412242496,-63.05715589978717,28.546280054759816
TW6|2003,46.91501548048247,-46.75436333154577,-66.4448415707415,33.02000759989359
CUHK_AG03|2003,47.2993534633011,-47.274588264719654,-66.83468522110574,33.335433103734665
Sin842|2003,46.90644075035236,-46.58146735115347,-66.17561493252938,32.68279842433697
BJ02|2003,48.718373351772954,-48.82172728385176,-67.97548418368207,33.63087166312143
GZ0402|2004,48.24183020569452,-48.40092382004789,-68.44615655309346,33.5522134775281
GZ0401|2004,46.65356750796142,-46.63060824913222,-66.28513617495867,33.540648130355564
PC4_13|2004,48.78300085686373,-49.554352684198705,-68.95971038725062,33.98856629588167
PC4_136|2004,49.40348458437403,-49.946411046555625,-69.62019219041814,35.27401377142045
civet020|2004,47.08535402681984,-47.142331305886664,-67.59493790044495,32.540764301485126
HC/GZ/32/03|2003,48.13314137132848,-48.4049460903865,-68.9643708839216,33.14260300891744
Rf4092|2012,43.29653974059433,-42.49772351266301,-60.26565112734487,26.634752774708247
As6526|2014,45.7088062320629,-47.30534602903888,-65.03864557803698,28.474221306338414
Rs7327|2014,43.91841170177845,-45.740568828791965,-62.87156969113457,27.22727710124964
LYRa11|2011,32.57020070834232,-32.04135233822442,-52.18436817510179,23.484373905613317
bat/Yunnan/RmYN01/2019|2019,42.1113181996776,-40.01287961362848,-58.75489540174066,25.319149695617988
BtKY72|2007,48.40894955264305,-42.05388808929396,-63.73796445930985,33.17094293033001
