tipNames,x1,x2,x3,x4
WIV1|2012,-58.645614167879465,40.32722510539808,51.18832600802029,-51.69471252267914
Rs3367|2012,-58.83844435045877,40.72163611384364,51.101023538720085,-52.340044164783144
RsSHC014|2011,-62.60553738113222,43.74820413328268,54.8077496846981,-55.24719870209098
Rs4084|2012,-61.31138191144812,42.823846781273765,54.228734050395246,-52.784912374552334
bat_SL_CoVZXC21|2015,-64.75070099025073,49.4722188463355,63.47303453675564,-50.54187523998598
bat_SL_CoVZC45|2017,-63.991375412999126,49.60318973608688,60.44685526616205,-50.95314287112775
bat/Yunnan/RaTG13/2013|2013,-61.6589139650604,47.31856320819428,63.882642997229944,-44.14806347711196
bat/Yunnan/RmYN02/2019|2019,-57.313670614627945,46.07496019188619,63.47151381583843,-48.12074480103262
Wuhan-Hu-1/2019|2019,-68.10378738822585,53.03981681967736,69.73710169006817,-53.07709950504658
Wuhan/WIV05/2019|2019,-67.87055304383958,52.7498220495362,69.30865648090241,-53.111296413009384
USA/IL1/2020|2020,-67.42281594099687,52.575352370410016,69.07379611376712,-52.433278797675236
Yunnan/IVDC-YN-003/2020|2020,-68.02856396991396,53.305701655245926,70.02038153624135,-52.843249454948136
Japan/KY-V-029/2020|2020,-67.3465057079528,52.60785180386153,68.7741832950562,-52.6203143028625
Sweden/01/2020|2020,-68.90059176148436,53.797125516929334,70.31515023091626,-53.27122049641979
Nepal/61/2020|2020,-68.01627997892714,52.4169054563811,69.73273779919296,-52.88481328622985
USA/CA1/2020|2020,-67.60405864607765,52.34020581568903,69.44708520192626,-52.38128073725235
pangolin/Guangdong/P2S/2019|2019,-68.91970346253746,50.87602540230611,69.33400841262272,-41.92331890528761
Rs4247|2013,-56.447290300904676,38.398856261109685,47.88100089373902,-52.021522832093474
Rs4231|2013,-55.66860619396051,36.6276132995656,47.48315313390105,-49.09432202483468
Rs4081|2012,-59.153555355565985,40.54035307336315,50.523829112262234,-53.40924428156672
Rs4874|2013,-58.18109821852251,39.51227412000253,49.25407966820448,-54.01817587756148
Rs4255|2013,-58.780759324471205,41.10901972908557,51.5530410592753,-52.30374885784594
Rs9401|2015,-54.8284299737546,36.588710900287445,45.84873260955952,-50.128643312947545
Rs672|2006,-60.174815910752606,43.8453660387631,54.3457394815164,-53.351312091793496
TW6|2003,-54.216517041120795,36.62906386569274,42.572500421940276,-51.452045624886395
CUHK_AG03|2003,-53.82429486272039,36.17721190802462,42.3490360151492,-51.150124065305214
Sin842|2003,-54.82615730886863,37.3141098068341,43.535147903836766,-52.05044922511524
BJ02|2003,-56.27687643121719,38.748118088002585,46.83439153722508,-52.75757005398319
GZ0402|2004,-55.50498073451008,36.59964282973364,45.23121250585769,-51.85843951927426
GZ0401|2004,-56.42869704372346,37.08447487296743,46.293831334548315,-52.58724925241959
PC4_13|2004,-55.808626094453345,37.719665043459166,45.33174982924685,-52.489704029767
PC4_136|2004,-56.29996381661733,37.22603743962504,45.10182890149109,-53.52195063247694
civet020|2004,-55.15124804891891,35.884962491237324,44.54782348019508,-51.35383519674904
HC/GZ/32/03|2003,-56.18038779078323,37.14674076506129,45.51841245235136,-52.89674895012813
Rf4092|2012,-62.292957931909,43.856122373753074,57.275318807163096,-54.18933389705073
As6526|2014,-60.260065714477136,42.75264331783726,53.405758202164236,-51.557629371442886
Rs7327|2014,-61.492336176951675,43.46386634553045,53.55907621077149,-53.70130902150826
LYRa11|2011,-64.59282673773221,52.25657001529151,67.2067986225092,-57.73562592082223
bat/Yunnan/RmYN01/2019|2019,-64.91267375934031,51.66729052208033,61.47463696702012,-57.631948822726216
BtKY72|2007,-54.88381292441476,43.52222245041634,47.307185516001674,-52.20728046296866
