tipNames,x1,x2,x3,x4
WIV1|2012,-47.7752710768585,47.47066184674801,47.39227254484474,-37.86502827366198
Rs3367|2012,-45.867720896563085,44.83227227229781,45.37673137321635,-36.808473216596504
RsSHC014|2011,-44.63347722821639,44.586128034435994,44.88830744105873,-36.04022373932814
Rs4084|2012,-48.982138978684794,50.23639896119576,49.89049787161643,-37.771289817826265
bat_SL_CoVZXC21|2015,-38.027339763551126,35.74478102416769,30.17726535602025,-31.262863673212568
bat_SL_CoVZC45|2017,-44.41769204402965,43.467256173653574,44.41923644356224,-36.551659826200314
bat/Yunnan/RaTG13/2013|2013,-53.65731173677845,52.55039377084735,50.07730313088233,-40.56583458643183
bat/Yunnan/RmYN02/2019|2019,-54.48888959681645,48.46387834780249,52.63232729438809,-36.22987624493177
Wuhan-Hu-1/2019|2019,-58.35848831099662,51.26224769815455,57.71039027727013,-37.982547978593765
Wuhan/WIV05/2019|2019,-57.62285882126316,50.63333289479372,56.93336273795212,-37.52085761956238
USA/IL1/2020|2020,-58.336984355201785,51.60832092022284,57.3680307912131,-37.92409719647795
Yunnan/IVDC-YN-003/2020|2020,-58.0582184364222,51.52863609053634,57.33986382038507,-37.90306880872989
Japan/KY-V-029/2020|2020,-57.703242115726106,50.72177886659869,56.62942071147933,-37.583939988777196
Sweden/01/2020|2020,-57.83360310337852,51.23100970696766,56.99778458080464,-37.66604660033183
Nepal/61/2020|2020,-58.23367705487282,51.47529649380308,57.236989491341426,-38.31493320173494
USA/CA1/2020|2020,-57.79977549307939,51.26087098988471,56.67005603968757,-38.257258987133824
pangolin/Guangdong/P2S/2019|2019,-44.26177909973563,49.308392069879766,52.23429617852514,-33.39901259747899
Rs4247|2013,-44.489942107226284,43.60636952953908,43.96637558401855,-36.02226699626575
Rs4231|2013,-46.51196225712975,44.469336502758715,47.014671938883446,-35.24209622412286
Rs4081|2012,-47.544023134146414,46.835530346004376,46.71765482730554,-37.32744270190821
Rs4874|2013,-43.946123109850525,43.02269566251945,41.76211170922706,-36.09933199765522
Rs4255|2013,-49.42672100782488,49.0467274666519,47.53254225386272,-39.328734353057
Rs9401|2015,-54.17633119681921,52.02076124695769,53.950280422180064,-44.527285270370875
Rs672|2006,-47.0604130896868,47.645332076275054,48.017067998939496,-35.772156583144046
TW6|2003,-47.29864132248729,46.09246338377068,50.39205112695934,-36.33885509033357
CUHK_AG03|2003,-47.24856991065316,46.1442751218619,50.33753190735483,-36.51161797261032
Sin842|2003,-46.494870588872104,45.856015086523875,50.37202086603507,-35.92425169283718
BJ02|2003,-44.115177632531754,42.94360538493575,47.10128963706743,-34.874176183755424
GZ0402|2004,-45.931144817604405,45.345025517716124,51.4891077940915,-37.269056768937205
GZ0401|2004,-45.245372263366605,45.064585785011836,50.919061247975485,-36.34823123911992
PC4_13|2004,-46.42148019759453,46.52626402747894,51.642343163810615,-36.99742143661817
PC4_136|2004,-46.31015645334659,46.06488421953048,51.77487625829025,-37.48900717546351
civet020|2004,-48.367699358816914,47.665481525762,53.65785429600872,-38.306156303336934
HC/GZ/32/03|2003,-47.36821194660026,47.14079345252362,52.62957579734626,-37.38107322764066
Rf4092|2012,-45.50062520966419,46.066417941758985,48.17078606449312,-35.177608767292845
As6526|2014,-50.796712450704085,50.77054663087399,51.839057578383255,-39.91870819861842
Rs7327|2014,-47.102076017514314,47.076932547840016,46.194084097929725,-36.71358571804441
LYRa11|2011,-46.241031360503946,45.60246000990391,42.10876970879209,-39.232107989120905
bat/Yunnan/RmYN01/2019|2019,-43.616770476997665,44.494513787572785,43.64580364138009,-37.948455719881714
BtKY72|2007,-60.048343975803846,64.71939007344055,75.61527631331963,-20.889348962774502
