tipNames,x1,x2,x3,x4
WIV1|2012,-10.336309451969802,19.666065974543887,22.58888506349025,-41.11976117332638
Rs3367|2012,-11.14877879023513,19.960656812852967,23.463310075702726,-41.00527217061535
RsSHC014|2011,-11.164085470696238,19.374924693454737,20.924864045201048,-41.992939032892515
Rs4084|2012,-13.55154610514434,20.932333040745675,23.539747135562457,-43.60761001048396
bat_SL_CoVZXC21|2015,-17.582509985384238,20.821613422977634,26.88252737830468,-46.86996048453217
bat_SL_CoVZC45|2017,-8.948123266900208,12.933864918374704,14.59156607140031,-42.622181716339824
bat/Yunnan/RaTG13/2013|2013,-25.441836041825457,33.68759533949801,44.76365960215137,-38.42555898309368
bat/Yunnan/RmYN02/2019|2019,-17.274417561005517,19.834593126573793,36.636152150086204,-34.22324785595503
Wuhan-Hu-1/2019|2019,-26.813762436074494,32.187583864467726,49.740240063848695,-33.97095883484119
Wuhan/WIV05/2019|2019,-26.486605777483078,31.87241161302749,49.34635225558349,-33.58861685658555
USA/IL1/2020|2020,-26.302333638754398,31.051219075489264,49.2102276672083,-33.828669263206244
Yunnan/IVDC-YN-003/2020|2020,-26.257088258303156,31.08620863049381,48.830956579554325,-33.651491937237616
Japan/KY-V-029/2020|2020,-27.004801102565413,31.82134035873588,49.842875846898146,-34.011009498836664
Sweden/01/2020|2020,-26.601065080376646,31.256552238444787,49.354457389496496,-33.822886275377186
Nepal/61/2020|2020,-26.25455167217097,31.205650094961886,49.10586625613341,-33.441449947498825
USA/CA1/2020|2020,-24.510283052791845,29.953284795405803,47.014867881696055,-32.23950732869103
pangolin/Guangdong/P2S/2019|2019,-30.671550734177277,42.47863346238154,39.12994697722628,-44.43512905278356
Rs4247|2013,-13.599242611718466,22.895459196829545,27.694277563206427,-41.21523378129519
Rs4231|2013,-12.870492403079211,22.361846067932102,23.263920860763506,-41.79974918990726
Rs4081|2012,-13.65388170483471,22.904412859062703,27.35771555773551,-41.333266297310594
Rs4874|2013,-15.441482085256036,23.31143107534436,28.161339363469637,-42.61601019946026
Rs4255|2013,-14.216507504844003,23.950809739556973,28.95767397476633,-42.556241348068035
Rs9401|2015,-5.394547818950904,14.253748682071295,13.039279518479008,-38.445544586582066
Rs672|2006,-15.149135445438736,25.401987612415848,28.47900345760249,-42.75348993327621
TW6|2003,-15.29494095279479,23.779857222266823,24.81882099319867,-42.26163341530698
CUHK_AG03|2003,-15.150353277887179,23.59607553189039,24.688475976339642,-42.20640910513544
Sin842|2003,-14.98255581140867,23.300219557939112,24.854811090861695,-42.24298924649794
BJ02|2003,-16.08065839807737,25.191032729091845,25.121234138127797,-43.50987920161875
GZ0402|2004,-14.24754856448107,23.327269289012293,21.79759842236733,-42.40401257646754
GZ0401|2004,-14.64490280456435,23.834034222355754,22.534770748943263,-42.66329214266377
PC4_13|2004,-15.406857630054677,24.383644046192572,22.881118872224388,-43.352529999643835
PC4_136|2004,-16.32217047690889,24.90402228196023,23.77688735174957,-44.475178050122175
civet020|2004,-14.56100241192322,23.457925232664184,22.44332248356039,-42.24401837750732
HC/GZ/32/03|2003,-15.45562258109584,24.285552832239805,23.304256630081063,-43.56535615082148
Rf4092|2012,-7.724142298674611,18.936274562134482,21.26524938878949,-40.24553894757017
As6526|2014,-13.84020297450333,23.24412846806552,24.28658953106071,-43.49715183631068
Rs7327|2014,-13.049005304422806,23.407913647138834,25.516055434902416,-42.81319288103412
LYRa11|2011,-14.610079523256795,20.811954401050873,25.649236913822033,-41.4966152063235
bat/Yunnan/RmYN01/2019|2019,-7.171222837018645,15.42170432883395,19.01169814508905,-38.85049152280065
BtKY72|2007,-26.997864152682176,30.984304493233445,35.27739333329711,-37.16211750747288
