tipNames,x1,x2,x3,x4
WIV1|2012,-39.793392124414694,40.7981495908025,48.96519449904061,-14.06453776016841
Rs3367|2012,-39.761085984659566,40.993079235776705,49.444142412718236,-13.801902200079663
RsSHC014|2011,-36.213013191046564,36.77551586512111,43.71618643481428,-14.515489645754032
Rs4084|2012,-35.442808494168055,36.253283377615254,42.406416710381144,-14.435227967405467
bat_SL_CoVZXC21|2015,-48.54217525500878,52.279747624388,62.01601123656909,-23.368903476033477
bat_SL_CoVZC45|2017,-43.2346778912303,48.158012030311205,56.993525266119796,-22.71263486789943
bat/Yunnan/RaTG13/2013|2013,-43.947732384014266,50.811516862298014,58.33757704373893,-19.43944740861544
bat/Yunnan/RmYN02/2019|2019,-43.012501648091956,48.63454083662503,63.1382941455828,-15.504780188543613
Wuhan-Hu-1/2019|2019,-42.838858984332376,50.111453126475936,56.327149198084705,-14.388235375124271
Wuhan/WIV05/2019|2019,-42.229680189285865,49.64755119459624,55.75770984403636,-13.9688656957254
USA/IL1/2020|2020,-43.12581954810842,49.72494846844608,55.46572452988962,-15.043616362544329
Yunnan/IVDC-YN-003/2020|2020,-42.51574790371659,49.09986252435285,54.803593753179605,-14.56834140831575
Japan/KY-V-029/2020|2020,-42.992143237364374,50.10133393694494,55.27257416281591,-14.380868097835581
Sweden/01/2020|2020,-43.36815680188494,49.91479536162095,56.3222869028605,-15.139321685621262
Nepal/61/2020|2020,-42.737431643264685,49.28011471142818,55.34895184016648,-14.478173268223056
USA/CA1/2020|2020,-43.02344066567751,49.41068525129128,55.24171315118587,-14.760567355732007
pangolin/Guangdong/P2S/2019|2019,-56.68594142491273,53.01865078097655,62.04764637158915,-30.43739282123533
Rs4247|2013,-33.70273669897742,34.55657333007195,40.739224506016136,-12.362851196936935
Rs4231|2013,-41.278668892383045,42.60594341635931,48.87433698930805,-14.40354838237372
Rs4081|2012,-37.15937765453348,38.648101931197445,44.18225262458268,-14.593438243566453
Rs4874|2013,-37.02997343236317,38.70932426559366,46.154031141727465,-13.669179636029702
Rs4255|2013,-36.62985163929961,36.95426274395703,42.735750553950965,-14.008542639295767
Rs9401|2015,-40.7657715744448,43.31879123051074,48.11225585541376,-16.334476529977586
Rs672|2006,-35.86190372686569,33.891962270372844,40.45642603449583,-15.048710475955795
TW6|2003,-35.27844551780623,35.05050297255952,41.48826210395027,-17.05430738878203
CUHK_AG03|2003,-35.68203048566149,35.48685326997885,41.84732329622602,-17.31425862289712
Sin842|2003,-34.62141691040709,34.34990202117316,40.43908169259843,-16.720008346759464
BJ02|2003,-36.779238655642374,36.42280217299508,42.18112056757741,-17.95031752464914
GZ0402|2004,-37.07809347133646,37.801985995101134,41.99374477497977,-19.273134907322927
GZ0401|2004,-36.85478699414847,36.285954914270306,40.28913193233693,-18.815605986438143
PC4_13|2004,-38.49792103150905,38.03890303141876,43.09269448057093,-19.140153406582566
PC4_136|2004,-38.813863888297305,38.899694328517235,43.175527425843214,-19.355757244153097
civet020|2004,-38.21894472138045,37.64383430364357,41.97370828064689,-18.986152863619104
HC/GZ/32/03|2003,-37.779564539873526,37.38828962510529,42.748373458351224,-18.675586890145386
Rf4092|2012,-35.87652085796054,35.46016701157918,39.61547700745355,-15.823276735365047
As6526|2014,-38.72558935101594,38.312700316412325,45.10670242247773,-13.87906997288139
Rs7327|2014,-37.18388385868275,37.072040521637824,44.181993370958864,-12.833642448639095
LYRa11|2011,-37.024060881447454,36.42909800600878,45.21122658243675,-17.164934026964826
bat/Yunnan/RmYN01/2019|2019,-36.057655234724656,37.031311355632,43.05073273581377,-15.021943394896468
BtKY72|2007,-21.410269371331815,12.337743392222432,30.290718974338727,7.2516546723882325
