tipNames,x1,x2,x3,x4
WIV1|2012,-33.17009410458121,27.780867440900984,24.382419714025872,-7.2577973994274085
Rs3367|2012,-33.52860078776347,28.551191491922033,24.887207939845386,-7.6258267888833355
RsSHC014|2011,-31.74579165909727,26.141145752545885,23.7916639503395,-5.6397134627599
Rs4084|2012,-33.85863055774368,27.399922230870743,25.690330926644126,-7.183541134257524
bat_SL_CoVZXC21|2015,-28.352049098548836,21.003585749940424,13.698521825643738,-6.207968031573058
bat_SL_CoVZC45|2017,-27.667520227788955,20.16525728095196,15.01276124307103,-5.682293661883069
bat/Yunnan/RaTG13/2013|2013,-40.464409866379135,33.64622479675532,43.560687820861496,-15.22625120739863
bat/Yunnan/RmYN02/2019|2019,-37.54515655012055,29.839775022792647,43.72548151512115,-12.443265822715341
Wuhan-Hu-1/2019|2019,-51.05301584820582,42.09666689942439,55.75225880443567,-15.36696938097492
Wuhan/WIV05/2019|2019,-50.541061898177304,41.702514121149996,55.294338981218665,-14.687386449594479
USA/IL1/2020|2020,-49.588171689166685,40.372028038867214,54.42584031574725,-14.462194704559382
Yunnan/IVDC-YN-003/2020|2020,-49.30190220144092,40.03939914948509,54.28811789910497,-14.097300635914449
Japan/KY-V-029/2020|2020,-48.91643783060234,39.40740143761466,53.54970328219348,-13.548386552488966
Sweden/01/2020|2020,-48.662624481812834,38.949635716338854,52.70240910728097,-13.660486335858035
Nepal/61/2020|2020,-50.19065576977049,41.151652789685144,54.7324504286071,-14.946856379610985
USA/CA1/2020|2020,-50.69026313325941,41.25829299105883,54.89971673820035,-14.812690713603494
pangolin/Guangdong/P2S/2019|2019,-41.1113357221554,26.55486388873356,32.93172988960261,-16.04948037838106
Rs4247|2013,-32.941405198546654,26.307923584282108,22.988173051311755,-7.623675759071165
Rs4231|2013,-33.36649669867716,28.715647760179067,25.16623783205685,-9.168870704108862
Rs4081|2012,-32.54376596294395,26.29080633019434,23.062932782897118,-7.728425732066202
Rs4874|2013,-31.447585507160625,24.275759778360378,23.02090207445554,-6.239575216814429
Rs4255|2013,-28.13134942773626,22.918464213355083,19.299220692074748,-4.1151269289455294
Rs9401|2015,-32.565181291926585,29.769138678500404,28.610605109479305,-7.309046796209569
Rs672|2006,-25.987127511385115,16.425048229760094,15.508529091012383,-0.11600964433553607
TW6|2003,-32.43638427171259,27.554889688530757,19.281430040918977,-8.343302675568847
CUHK_AG03|2003,-32.4073773583436,27.537417132146814,19.235322255634895,-8.31411479666149
Sin842|2003,-33.38305116612973,28.401987480180495,20.357733974259034,-8.753804745485915
BJ02|2003,-32.74091182011027,27.346104346680388,19.851043758870013,-8.63164978784065
GZ0402|2004,-28.502223011622768,23.633318716124116,16.92791644247661,-4.781418040168536
GZ0401|2004,-29.281085425490353,24.325070855971983,17.33623881792067,-5.0699590267864165
PC4_13|2004,-30.016946255170996,25.02751201437742,18.545974221525174,-5.763938616859564
PC4_136|2004,-30.73305132948062,26.301960089287785,19.732256994914014,-5.356947036300704
civet020|2004,-27.341726412191434,22.76606307232914,15.932062407356964,-4.237308174132929
HC/GZ/32/03|2003,-28.966696321635684,23.290752759590028,16.785918685723548,-5.265070121921396
Rf4092|2012,-32.265773940736395,23.935822405587462,21.227230177234453,-6.810700197204053
As6526|2014,-31.880581056308536,25.622421130978893,22.400689900995683,-6.598478730189189
Rs7327|2014,-31.87836271701333,25.689662755989374,23.599847542056086,-7.260468094994002
LYRa11|2011,-38.55811742225451,34.1485985889295,30.259968916650728,-9.771015078088926
bat/Yunnan/RmYN01/2019|2019,-34.86551391750626,30.38274019295822,27.979549225227586,-10.079538229558548
BtKY72|2007,-17.66405463865548,11.285605281202265,13.356556766738889,2.8261306064658687
