tipNames,x1,x2,x3,x4
WIV1|2012,-29.90010438111354,11.845107763968889,40.11846215594184,-21.02726325353141
Rs3367|2012,-29.98134847176408,12.157124404136013,39.69045360773592,-20.821148771818116
RsSHC014|2011,-29.52461075231505,12.127954499463485,40.56984211409059,-21.646345808802703
Rs4084|2012,-30.271866002303852,11.256414001868992,40.29690731823029,-22.69901007280251
bat_SL_CoVZXC21|2015,-28.048384812399494,10.11387074000347,37.103607130837105,-22.80254071790853
bat_SL_CoVZC45|2017,-32.32201600257115,14.278139797894998,44.59248709649349,-22.265862790112458
bat/Yunnan/RaTG13/2013|2013,-16.025510188716627,2.082062024701663,32.651685167585235,-0.4438188855623299
bat/Yunnan/RmYN02/2019|2019,-16.187846424657543,-0.8217596024744463,32.65234171440875,1.786832885582628
Wuhan-Hu-1/2019|2019,-11.849909531472912,-4.421362889179636,32.393508841657216,-1.205524855588458
Wuhan/WIV05/2019|2019,-11.400308385946,-5.02338528965229,31.95077926718731,-1.0853348078080711
USA/IL1/2020|2020,-10.57485268263421,-5.181614697498409,31.282517212448766,-0.43626964183670897
Yunnan/IVDC-YN-003/2020|2020,-10.872224880332594,-4.983672979393571,31.349980481019422,-0.8781574654308439
Japan/KY-V-029/2020|2020,-11.3388749848174,-4.330045637474321,32.27778100039386,-0.7295387377358626
Sweden/01/2020|2020,-11.481864942442224,-4.846401880887444,32.06563229719374,-0.9484158539275607
Nepal/61/2020|2020,-9.772701598492226,-6.4890462005994625,29.603623274815302,-0.2902042084272354
USA/CA1/2020|2020,-10.820242684736524,-5.479185886387116,30.810790783632854,-0.818300775548332
pangolin/Guangdong/P2S/2019|2019,-17.906992967804182,2.0014550249361296,28.191408241101875,-3.8162112253888996
Rs4247|2013,-32.005146310133874,14.8926811215618,43.85970162886229,-22.655837035895377
Rs4231|2013,-26.911768421124737,9.01014426618996,39.67116738969333,-20.007670613806102
Rs4081|2012,-30.298931600057045,13.213890880355974,42.6225282372931,-20.937665486824855
Rs4874|2013,-30.490836096103276,13.240925184639506,43.17370044631353,-21.343537886354618
Rs4255|2013,-28.609529349285005,9.312286214530136,37.7685465443248,-20.546139907200676
Rs9401|2015,-26.527136279086772,8.864910725857692,36.701223648018654,-19.71633752785805
Rs672|2006,-31.079752506097936,12.777971091600746,40.88469197690607,-22.570070848553122
TW6|2003,-34.61227976055932,16.115837585732603,45.23722945118157,-21.774276536187493
CUHK_AG03|2003,-34.6763236992283,16.106947083055015,45.44046546680826,-21.655772594098405
Sin842|2003,-33.09330061464642,15.168938334852129,43.919050532583505,-20.745143420710523
BJ02|2003,-34.487913719531,15.060745615643352,46.31353476645737,-21.868065838859035
GZ0402|2004,-33.42337064726311,14.006438756927698,45.18035871842686,-22.26241590537893
GZ0401|2004,-32.43469578196686,13.74013030969937,44.92494787699986,-21.31762880355591
PC4_13|2004,-34.86219115134741,15.613282896830652,47.18795690884802,-23.10874852214618
PC4_136|2004,-33.4235366630171,13.869815265122169,45.522267470812466,-22.189791536159593
civet020|2004,-34.11820791962123,14.892768208891068,46.32831752106168,-22.05714778604062
HC/GZ/32/03|2003,-34.30210767147365,15.009797740786697,46.36959802582423,-22.82472336144734
Rf4092|2012,-32.12873015012478,13.78267540574388,46.01946480449734,-24.26638709808616
As6526|2014,-29.851082534633804,10.95819572192963,40.213982252877784,-23.504334857975284
Rs7327|2014,-28.25913779799263,10.4104589261647,38.53919818930396,-22.830461097011074
LYRa11|2011,-32.29423961189439,11.021711479827676,41.723624247999034,-24.334276440179835
bat/Yunnan/RmYN01/2019|2019,-30.07639019567325,10.729839141523806,41.77496373681408,-20.27139200049747
BtKY72|2007,-1.7619077721815621,-4.426244661249241,19.338348920152303,1.8506552010840078
