tipNames,x1,x2,x3,x4
WIV1|2012,-0.1371677248237864,17.70971309560797,5.878854804318001,-11.399803645059404
Rs3367|2012,0.5916292424558213,16.008207027923817,4.844778482638673,-12.078634524602043
RsSHC014|2011,1.397829499618716,14.4042126893027,2.572515119055965,-11.879910534974174
Rs4084|2012,1.000482839632689,14.321068934121001,3.3081301903496247,-11.1543179563152
bat_SL_CoVZXC21|2015,-3.222846641004348,25.042641302715186,8.099162694741391,-15.775439559523731
bat_SL_CoVZC45|2017,-5.7460423537253895,26.68670249410147,14.0870499587735,-15.539527564862762
bat/Yunnan/RaTG13/2013|2013,1.6696940875222535,18.20650859540706,4.7550097991152676,-9.12265919633038
bat/Yunnan/RmYN02/2019|2019,-9.865068107392547,24.653358898943274,7.6979862748567305,-23.200190420516808
Wuhan-Hu-1/2019|2019,-5.802345085971927,19.659636451994764,8.499999909886261,-17.448089495008894
Wuhan/WIV05/2019|2019,-5.121176026576709,19.03369645498696,7.365784576224196,-17.106099101936916
USA/IL1/2020|2020,-4.87115185651774,18.795190164919003,5.75019992968164,-16.764707523499457
Yunnan/IVDC-YN-003/2020|2020,-4.6885435824921275,18.70480426081236,5.680850007543935,-17.00991477874134
Japan/KY-V-029/2020|2020,-4.938609457227603,18.971309689354207,6.469512972213682,-16.907260850037517
Sweden/01/2020|2020,-5.883231513192963,18.986117291589167,7.513692963545429,-17.21202484661383
Nepal/61/2020|2020,-4.691293590919361,18.946069482495158,6.495416387312273,-16.84180816275519
USA/CA1/2020|2020,-5.6894615243144555,19.691215802597085,7.943585530191858,-17.353836801776417
pangolin/Guangdong/P2S/2019|2019,-5.5426184844415545,23.943787937845872,21.106927676849843,-19.67300241160111
Rs4247|2013,0.9146527036936157,13.935118121716814,5.067713047207888,-10.478235840056282
Rs4231|2013,-0.31022530984862706,16.32605672950855,5.646844679017124,-10.90643595139581
Rs4081|2012,0.12807673505760073,15.95366703173613,6.406340593164201,-10.255962787740117
Rs4874|2013,-0.8146928846906278,16.904707071126975,6.2361592831852475,-11.836856202594483
Rs4255|2013,0.41871158995687785,15.715648174266416,6.012369359771521,-10.974782969458
Rs9401|2015,-0.666172097834782,14.602311988613023,5.812700136969124,-15.347309642369966
Rs672|2006,-5.648389213758311,22.64661530232797,13.228817809025092,-16.51782404100295
TW6|2003,-3.825632733978387,16.027722426718025,3.826705080519911,-17.459653510100495
CUHK_AG03|2003,-3.6466897148810764,15.97322133329758,3.801004502272891,-17.262043724024572
Sin842|2003,-3.9113585590352633,15.872845603399218,3.7702392208155153,-17.205044294031026
BJ02|2003,-2.9340673605399594,16.7530389696539,4.046473142725895,-16.006113112974532
GZ0402|2004,-4.313329958843317,15.36301084807084,4.92943828599402,-17.61437937054437
GZ0401|2004,-2.681079114245025,14.299974779376372,3.2926230535430925,-17.238427813535555
PC4_13|2004,-1.5657203665899095,13.670616487667019,2.894797246032123,-15.953688674544932
PC4_136|2004,-2.2788899832600675,14.765631894316822,3.906947933469327,-16.696008128452544
civet020|2004,-3.684531591618361,15.045538253800695,5.066291355026239,-17.972923139165086
HC/GZ/32/03|2003,-3.8917583837679186,15.704692343094926,4.382261548539898,-17.763739664914066
Rf4092|2012,3.791446005404222,13.306932196968722,3.247630597888435,-6.639044805465334
As6526|2014,-1.0880432871353385,17.58492019391074,7.471735211864551,-10.946427804313052
Rs7327|2014,-0.7783108887908847,17.207549089065758,6.279966185412801,-12.586779064081014
LYRa11|2011,1.902287870349399,13.877997289193496,6.8995434651983505,-7.209023047444087
bat/Yunnan/RmYN01/2019|2019,-1.1490897582151671,19.62547090900735,6.643837289620947,-11.102898737566614
BtKY72|2007,-23.69103805386196,28.20626319210322,30.59601924732732,-11.152497159402957
