tipNames,x1,x2,x3,x4
WIV1|2012,10.850565637913991,-16.512261659441965,-8.708662908178681,11.586991866834895
Rs3367|2012,13.523808282892075,-19.330582129881112,-12.123551136204856,12.859649201117076
RsSHC014|2011,9.019647022589341,-15.787544815015831,-9.289802337048231,9.881951817253038
Rs4084|2012,10.881549295895145,-16.373074203101226,-8.508283570817989,12.495787905185624
bat_SL_CoVZXC21|2015,12.121367504694893,-18.612563071028926,-17.70269465036235,9.275541971568131
bat_SL_CoVZC45|2017,6.270126991159717,-14.80247050244662,-10.048588992966465,7.611525207810419
bat/Yunnan/RaTG13/2013|2013,8.054406888591132,-15.406135413575626,-5.344241077316615,20.64174155302836
bat/Yunnan/RmYN02/2019|2019,-8.797536771430865,7.965473403905608,15.354230637054524,5.918092970403439
Wuhan-Hu-1/2019|2019,-8.0806460927417,-0.5046377353636697,7.155943060391974,10.746114511600316
Wuhan/WIV05/2019|2019,-7.696345076132888,-1.298940954056493,6.91406361083664,10.962858199974914
USA/IL1/2020|2020,-8.46554777299378,-0.8166617654896136,6.314459360505561,10.329145186421853
Yunnan/IVDC-YN-003/2020|2020,-8.731717330008157,-0.5490324363668084,6.721365524181282,10.244206978377427
Japan/KY-V-029/2020|2020,-8.51923716135684,-0.5822633777930293,7.217037979200463,10.420818757724813
Sweden/01/2020|2020,-8.17160912086595,-0.8287627626213179,6.743055171205359,10.397549540876666
Nepal/61/2020|2020,-8.660630964103175,-0.6268790736098537,7.168931967522812,10.203973811433231
USA/CA1/2020|2020,-8.849572637447595,-0.3313977362675945,7.124540324002793,10.13532811253875
pangolin/Guangdong/P2S/2019|2019,-1.6998959815077364,-7.32351842272874,-6.615147148449236,9.619566482715587
Rs4247|2013,10.486299315321954,-12.60356623018972,-9.854061443090867,11.392012309244636
Rs4231|2013,11.684819215515526,-15.430819678734089,-12.23512235236489,14.08839835303473
Rs4081|2012,10.86886512764914,-14.26406137179256,-9.070506330453817,12.596840664583306
Rs4874|2013,11.12825318171573,-13.611266308014388,-8.3771191124749,11.657377862589385
Rs4255|2013,11.463481163131199,-16.068109284743734,-10.929705212940258,12.446715252235162
Rs9401|2015,10.719309922146756,-14.984972604125629,-8.34029478058391,11.238743973666992
Rs672|2006,10.103964002181817,-16.582604551147014,-11.74725050614756,15.102749249785642
TW6|2003,7.740337037138918,-13.559145329395548,-11.409356768432412,11.065405235713621
CUHK_AG03|2003,7.952773899658023,-13.70562684364594,-11.735222911503246,11.205392581614992
Sin842|2003,8.253593111719686,-14.135566822604252,-11.76071942604705,11.55568860032406
BJ02|2003,7.142164320706894,-13.239393684547274,-11.000892220201234,11.125864956619939
GZ0402|2004,9.596767024710822,-16.85207745689657,-15.814792606130828,11.671192052067802
GZ0401|2004,11.360705721949993,-18.092091218870607,-17.446119055525397,13.689580619151712
PC4_13|2004,10.236359053847334,-16.715233313107507,-15.557689445150013,13.06205676854666
PC4_136|2004,9.531386666440536,-15.590692737908464,-14.701298811626675,12.70286466068181
civet020|2004,11.006901783176579,-18.351476344331754,-17.65804850260874,13.526235640709453
HC/GZ/32/03|2003,10.21901146062498,-17.11630998946222,-15.891541660761105,12.971677892051405
Rf4092|2012,12.804622850797612,-17.971798312863033,-11.3838251410364,13.999541250520563
As6526|2014,10.909324390403455,-16.47024386730882,-10.45579003244896,12.57055113712868
Rs7327|2014,11.338744269004962,-17.329588470919973,-10.821745785995613,12.958094887288468
LYRa11|2011,1.4371368509104077,-5.278254009488464,-4.25001209687712,10.987279917386935
bat/Yunnan/RmYN01/2019|2019,10.136548678629241,-18.387978576708946,-11.41228173729551,15.617105960686125
BtKY72|2007,12.728800610378032,-31.38672165086001,-29.482447732422216,18.659030516523618
