tipNames,x1,x2,x3,x4
WIV1|2012,16.843814462471695,-33.71425081375413,-68.6163160243646,-5.459239926815224
Rs3367|2012,18.238026419959795,-35.02223586035775,-70.33317780441115,-3.9850441460915094
RsSHC014|2011,13.431528140208613,-32.61472993450732,-65.31075025748021,-9.208604667445297
Rs4084|2012,15.244734015728916,-32.82753020398318,-65.05137001562427,-8.426173002838173
bat_SL_CoVZXC21|2015,13.59926114698943,-28.889739172816775,-62.8339606064397,-4.992164898901288
bat_SL_CoVZC45|2017,16.348353568669214,-34.51424178755641,-66.8397753210043,-4.816835449864384
bat/Yunnan/RaTG13/2013|2013,21.228150012356583,-48.03044913029746,-81.62931572593783,0.03596757303906006
bat/Yunnan/RmYN02/2019|2019,29.261820631713945,-52.943483711254345,-81.06505680419195,5.9368959582717284
Wuhan-Hu-1/2019|2019,28.52870821663154,-48.5070089642572,-78.54672779851195,6.4125428162669635
Wuhan/WIV05/2019|2019,28.46024375604677,-48.35644145076942,-78.01005930547655,6.492633249078585
USA/IL1/2020|2020,29.720990082114042,-49.096947923657666,-79.65477705724318,7.845946904934808
Yunnan/IVDC-YN-003/2020|2020,29.44493452551147,-48.968441775644585,-79.54311195547828,7.446780552943497
Japan/KY-V-029/2020|2020,30.125303026993315,-49.21494738937241,-79.98162339048547,8.080889218857767
Sweden/01/2020|2020,29.51450714042657,-49.173125774434176,-79.50727844084619,7.298823677700773
Nepal/61/2020|2020,29.0877753238165,-48.3706709852141,-78.75055151769571,6.887472907411929
USA/CA1/2020|2020,28.5887418763254,-48.555040959917115,-78.2759100983062,6.816472175569317
pangolin/Guangdong/P2S/2019|2019,11.422430422839966,-36.67665382262814,-74.04406907387012,-8.867925653040023
Rs4247|2013,13.149135008754751,-33.17728700564533,-66.18662671051003,-10.405374363099549
Rs4231|2013,18.145586167111485,-36.51730426102227,-71.92476953984308,-3.7664435600844697
Rs4081|2012,16.027177589498137,-34.926701696239746,-69.62820355549225,-7.660939897359634
Rs4874|2013,18.267545752616446,-36.3559473249152,-73.16529052956254,-7.040941093996408
Rs4255|2013,17.170536099705217,-32.57806539262771,-69.41181013132488,-5.899197356774675
Rs9401|2015,18.527847806393016,-34.188134004975154,-65.19613755574649,-4.38216996384178
Rs672|2006,18.78297503987305,-35.36445301723548,-66.47971626293412,-4.36575851982125
TW6|2003,14.081274387875913,-30.074440657353108,-66.7590000621188,-10.601109133028231
CUHK_AG03|2003,14.172290349282253,-30.25401832028669,-66.78618975024624,-10.334500669525053
Sin842|2003,14.171580002339407,-30.305893812399518,-66.8608420452898,-10.076812366129401
BJ02|2003,12.749228836045523,-29.084620258484158,-67.21779662050389,-12.367303531509956
GZ0402|2004,16.324220808051006,-32.10901965561661,-69.25421301012578,-10.665877656013892
GZ0401|2004,17.130538302797227,-33.46238215960467,-70.06177224687927,-9.879615317427772
PC4_13|2004,18.307959587030975,-34.61740743588485,-70.6234298012235,-10.531167491309738
PC4_136|2004,18.143229357720557,-33.7200706566643,-70.12340335900339,-9.572494771608245
civet020|2004,15.532226087993365,-32.013221026171905,-68.96159017102076,-12.048062323957865
HC/GZ/32/03|2003,16.48689148384711,-32.74587858163713,-68.91131101508655,-11.239467570180091
Rf4092|2012,13.374085239265835,-28.68090006792266,-67.45296391027662,-11.589263323872405
As6526|2014,17.078577617883944,-32.30548865431175,-67.72578364127047,-4.143912429797903
Rs7327|2014,16.895195421508326,-33.713746947577285,-68.5787116684611,-6.448710144477238
LYRa11|2011,29.507477332508845,-40.768319574507686,-72.75107598530515,-3.3356305250360823
bat/Yunnan/RmYN01/2019|2019,26.396551258752826,-41.02223960737467,-76.1692311815035,-0.9959074688801275
BtKY72|2007,26.012721171684127,-50.41199969381895,-97.83817220716377,-14.72143234075731
