tipNames,x1,x2,x3,x4
WIV1|2012,46.04725681149504,-13.545854031849295,-38.78743063873215,15.716921839128736
Rs3367|2012,43.569420486679924,-11.413827688217088,-36.42610155230648,13.746304401278278
RsSHC014|2011,43.18808073023042,-11.086953605479898,-38.265678747236706,13.27685548563183
Rs4084|2012,45.86032683564827,-12.313109849257406,-39.91585319675327,15.834605866768905
bat_SL_CoVZXC21|2015,51.84915288217832,-19.330001501400826,-40.6524853284456,20.57545574594203
bat_SL_CoVZC45|2017,45.77918347548614,-15.669666203582523,-33.77749258526167,17.793190645778676
bat/Yunnan/RaTG13/2013|2013,27.02420842053154,-2.721390630707625,-16.300519791526078,19.808511694499455
bat/Yunnan/RmYN02/2019|2019,32.019414376338524,-7.440242357159161,-24.115020447511775,26.225276207514717
Wuhan-Hu-1/2019|2019,36.70498969873142,-12.480010557378291,-24.36713606555519,25.174471567711763
Wuhan/WIV05/2019|2019,36.69125502256967,-12.79907837680198,-24.261757325814195,24.998980609552415
USA/IL1/2020|2020,37.63352738658486,-13.49256627854281,-25.1149118265369,25.537487997447908
Yunnan/IVDC-YN-003/2020|2020,37.58541449943455,-13.320076722203828,-24.95360506635854,25.729661419777347
Japan/KY-V-029/2020|2020,37.939274157315154,-13.062817412754537,-25.14448617997471,26.042482508126305
Sweden/01/2020|2020,37.33740776985676,-12.656913961998947,-24.32251886681359,25.64191588498243
Nepal/61/2020|2020,37.95637945122633,-13.610996058929835,-25.238566364996156,25.525478879606265
USA/CA1/2020|2020,37.40206786776724,-12.516310328729997,-24.463752560485812,25.61274434765998
pangolin/Guangdong/P2S/2019|2019,64.65435473844425,-31.876491986457097,-62.58001090758838,33.245355876460174
Rs4247|2013,42.75916084623963,-7.889923061842258,-37.29438692674878,15.839870410655026
Rs4231|2013,45.22315819288135,-12.786260724205532,-40.1683090638274,16.695055368811186
Rs4081|2012,44.53976810211286,-11.668217032377115,-38.783848666500695,15.120044740726668
Rs4874|2013,43.23141174148312,-10.139219682185095,-38.320205789276315,14.107725983592124
Rs4255|2013,42.33536408187571,-9.818576650244434,-35.381397400615114,14.276495060160492
Rs9401|2015,41.671778895179614,-10.435929470107247,-35.30812838360473,11.311006742306093
Rs672|2006,44.86191688494847,-14.301401471703084,-39.09685156608094,16.351530958089327
TW6|2003,36.29088065945619,-4.243059260888747,-31.76537045297211,8.498416898125651
CUHK_AG03|2003,36.54357373979321,-4.324836939374225,-31.79244764464659,8.82901761367286
Sin842|2003,36.74892208632858,-4.680246241822773,-32.10384705555853,8.656577759645815
BJ02|2003,35.73524951458144,-3.2797389781993482,-31.040682732057217,7.356695813392125
GZ0402|2004,37.20660663390778,-4.240007849212986,-31.966634450931245,8.95051171848871
GZ0401|2004,36.774080578436205,-3.477116964231814,-31.69235306999471,8.641608986217252
PC4_13|2004,36.66645894910727,-3.7630871756610786,-32.74939418673641,8.442153773058479
PC4_136|2004,36.414546331850275,-3.9924882657585514,-32.86422194756011,7.879826931019246
civet020|2004,36.55772929569632,-3.751728662834996,-32.923104454948714,8.403246713260872
HC/GZ/32/03|2003,37.187613256163836,-4.049245522511477,-33.02405468841868,8.885568592884406
Rf4092|2012,44.100506183465214,-12.56714250536202,-41.11023947239897,12.859672818421949
As6526|2014,46.396566500660434,-13.924080709717334,-39.84212178153193,14.57090480190947
Rs7327|2014,45.83183876001322,-13.122003325778238,-39.91778611769577,14.109755632028886
LYRa11|2011,31.770092435219638,1.9503629290323685,-26.74009193594822,6.690545869465385
bat/Yunnan/RmYN01/2019|2019,37.24755186118726,-3.7798229950270965,-30.140873786786816,7.530921569475916
BtKY72|2007,74.4149773261341,-37.50737369672107,-70.45174972777023,34.60833288826032
