tipNames,x1,x2,x3,x4
WIV1|2012,1.0160879946064407,-0.8771289310582999,-5.68311093659607,-31.77098539246322
Rs3367|2012,0.11012600537992472,-0.37785427415864453,-5.461375031761549,-32.0883876275793
RsSHC014|2011,-2.878034628963414,1.804272619728327,-1.526026775066868,-32.974043135930344
Rs4084|2012,-1.129001733171836,0.8789105184613446,-4.331132845488733,-32.551169736432655
bat_SL_CoVZXC21|2015,-1.6021416378442437,0.5652946252478417,-3.546841601155699,-33.97362826549244
bat_SL_CoVZC45|2017,-8.650212769273473,6.786837145043891,7.727360518349509,-35.681725031487716
bat/Yunnan/RaTG13/2013|2013,-21.915668690092087,17.753892384889088,18.05247637191778,-43.73924189750865
bat/Yunnan/RmYN02/2019|2019,-17.06211816117095,10.155600278746519,8.685460615300846,-40.58443991722827
Wuhan-Hu-1/2019|2019,-13.334116889024068,8.297211515078947,5.080279907097666,-38.143642557920344
Wuhan/WIV05/2019|2019,-12.986351796259711,7.890957057300808,4.794034676540794,-38.07682990582392
USA/IL1/2020|2020,-13.406322265421489,7.96021161605988,6.292369038129585,-37.28289245194352
Yunnan/IVDC-YN-003/2020|2020,-13.380272610855387,8.014830363045508,6.178370282186137,-37.138924463278094
Japan/KY-V-029/2020|2020,-12.915378573307882,7.984210889850788,4.68354533087032,-37.59261617155985
Sweden/01/2020|2020,-13.118475116038338,8.269917981047062,5.622647638967529,-37.030724372743414
Nepal/61/2020|2020,-13.137024059298174,8.268402386991971,6.149354287062424,-37.28849159271047
USA/CA1/2020|2020,-12.862768326754834,7.828879894215917,5.333998752014229,-37.25814578477415
pangolin/Guangdong/P2S/2019|2019,9.453446837601646,-13.584077953474461,-16.348325720040705,-18.733745151529746
Rs4247|2013,-3.1398632117041125,-0.4815902536140547,-4.407539472505032,-34.48792425572697
Rs4231|2013,0.37289883622477815,-1.7917390963386894,-3.805219452019114,-34.28763139885402
Rs4081|2012,-3.2399851511884488,1.24341240051365,-1.4388089642349566,-33.5258446501717
Rs4874|2013,-3.44937639252422,1.8233922125954751,-1.0579650294526062,-33.93584315670024
Rs4255|2013,-0.4999876736764629,-2.1284571366063205,-4.603947934328553,-32.074306310954725
Rs9401|2015,-3.8147232649822045,0.8578249423009392,-4.24796919752067,-37.36396410786543
Rs672|2006,-3.054968598030769,1.3349783724346544,-2.701341812468278,-34.27111721942907
TW6|2003,-8.405356904003664,7.107238176162703,0.00987360117704908,-39.23421301516005
CUHK_AG03|2003,-8.412525243356713,6.94748590198865,0.0966422357364139,-39.274448571613306
Sin842|2003,-7.905955983552641,6.808146649408802,-0.03505500678616935,-39.11223622627066
BJ02|2003,-7.055680284188465,5.278945140699001,-1.8018551425145581,-37.75775037708779
GZ0402|2004,-6.60718900423505,5.811495352537079,0.058259314115569616,-40.169107744207516
GZ0401|2004,-6.954914880017936,7.243521330552836,1.609008667633247,-39.13110933389099
PC4_13|2004,-4.290059243603598,4.9660206573752586,-1.0339696869051567,-37.65438095585302
PC4_136|2004,-5.820461030036778,6.183856421425859,-0.2047335078180491,-38.225547350882515
civet020|2004,-4.4481714686488205,4.487578345538315,-0.8815132793088079,-37.011925992108644
HC/GZ/32/03|2003,-4.6553712605576045,4.700708033463939,-0.9173289412189914,-37.71129942008618
Rf4092|2012,-7.186722054475233,4.983020960209765,1.3967212382804466,-38.88218675654065
As6526|2014,-0.6699573763432463,-0.14624778817392725,-3.4459931565328743,-33.93309530896924
Rs7327|2014,-0.9194776190538162,0.014037748678075113,-2.0743819532973427,-32.02669718311
LYRa11|2011,9.1041626632793,-7.940199418926552,-14.514844916671269,-32.7644093678502
bat/Yunnan/RmYN01/2019|2019,1.9045754870513103,-4.265055097828543,-8.709744359132156,-33.78276213950091
BtKY72|2007,8.276535072172582,-19.73665373190501,-24.45908716996037,-43.48727246826637
