tipNames,x1,x2,x3,x4
WIV1|2012,3.3740582279384412,9.848910579095353,-20.706224028686307,1.6797130033359886
Rs3367|2012,1.235974931896462,12.553474403826552,-18.291878039700816,0.5473111167514735
RsSHC014|2011,3.3999469322051326,10.27421866053832,-20.993851636873135,0.9393684816667132
Rs4084|2012,3.0565050572348067,10.337918329008648,-21.78269868699358,1.461010457072034
bat_SL_CoVZXC21|2015,8.234826107258922,6.164687694092344,-26.293975838672626,0.031432694218982205
bat_SL_CoVZC45|2017,2.866336420693892,13.370261373466704,-18.361458286199642,-1.256697081966377
bat/Yunnan/RaTG13/2013|2013,14.103218003525619,-7.226895252313934,-22.998043886534454,-0.1750228118242374
bat/Yunnan/RmYN02/2019|2019,8.334358487717532,5.616323526226754,-11.557991353278897,2.6211955005455723
Wuhan-Hu-1/2019|2019,13.410013147238224,-3.474153907215804,-29.06180802558829,-5.156953646410068
Wuhan/WIV05/2019|2019,13.408736194666762,-3.922452770686354,-28.999688159007807,-5.411983033556068
USA/IL1/2020|2020,14.710405028324175,-4.421346024684562,-29.932617241386517,-4.808250703044589
Yunnan/IVDC-YN-003/2020|2020,14.959529538091884,-4.591063312102354,-29.99085823858864,-4.422172592268742
Japan/KY-V-029/2020|2020,14.484064941219714,-4.1407935742833795,-30.12178213506221,-5.031421954750728
Sweden/01/2020|2020,15.290437388946327,-4.949844095347285,-30.697965918423314,-4.462103753747035
Nepal/61/2020|2020,15.141443798977338,-4.978080686500316,-30.727322141218043,-4.563228602873412
USA/CA1/2020|2020,14.77189079521721,-4.318131843078533,-30.125968653580614,-4.294650558894419
pangolin/Guangdong/P2S/2019|2019,3.5417683969156855,7.065354436218001,-20.22437468697192,-1.9380058702757177
Rs4247|2013,3.417848034205538,9.20430647651134,-19.763117581193402,2.096529476920903
Rs4231|2013,2.4001941689992545,11.627806980833673,-18.365308779350766,1.707677149838831
Rs4081|2012,2.943730829852364,10.261744439722513,-19.968654323935485,1.9843265904831173
Rs4874|2013,3.318609577539986,10.426285613067758,-20.83470693509144,2.082857137675884
Rs4255|2013,3.460709617819786,10.395469134066433,-21.612805690516,1.6985062084704037
Rs9401|2015,3.1829907282929075,11.265557740894852,-19.711381586137797,0.45985127273824655
Rs672|2006,0.9853779807200398,13.037160004131776,-18.494428005930722,-0.8202517198949995
TW6|2003,-0.07651567993882279,13.938728721059087,-18.692910220983382,-3.090540477230534
CUHK_AG03|2003,0.10978919618817774,13.857430863693375,-18.736609050792964,-2.9651022662657085
Sin842|2003,0.4024597396234494,13.741712021257465,-18.87387444030149,-2.3539701568420175
BJ02|2003,0.9549156623818633,12.476717619175199,-20.522405072655538,-2.5551997505453072
GZ0402|2004,4.490498776877428,10.5528669938555,-23.371604032164566,-0.5633321601858937
GZ0401|2004,3.710907304883044,10.466703781427709,-22.31586120389679,-0.9350393571850182
PC4_13|2004,3.218529440821267,11.238033822973968,-22.331200750753702,-2.179435299153024
PC4_136|2004,3.41097611479733,11.380431261893538,-23.564547204167088,-2.235075384165151
civet020|2004,2.1666318990271325,11.27252478402885,-22.543713965519505,-2.8332946734040254
HC/GZ/32/03|2003,2.7120307586530723,11.919530683342884,-22.140220034183336,-1.4746750434112903
Rf4092|2012,5.390846572066419,7.232125269056356,-25.03125391405078,0.9059924171881159
As6526|2014,1.2739164918070691,11.055177394236717,-18.15997159229537,-0.21586765260602558
Rs7327|2014,3.6640500552625,9.36089161628394,-21.36085277012603,2.405521854385022
LYRa11|2011,-2.5019892966961605,13.047573665460677,-16.74666704032824,-2.777590221611261
bat/Yunnan/RmYN01/2019|2019,-5.942394096668377,16.049840822389715,-17.039215085606365,-6.363688201552224
BtKY72|2007,-5.0820524960241205,30.46582861573099,-10.852386892813737,-4.783008953884195
