tipNames,x1,x2,x3,x4
WIV1|2012,-39.410771413987284,18.918958546400894,38.77046104595653,-55.887360373928445
Rs3367|2012,-38.58493338369761,18.07411817759403,39.08582185362527,-55.81471757005746
RsSHC014|2011,-39.20029848101457,19.483820977896645,42.69920929329083,-54.50438626236454
Rs4084|2012,-36.82143757270544,16.918669868902626,39.39174213303817,-54.317774635365105
bat_SL_CoVZXC21|2015,-35.27430761576647,16.878513664076504,41.51727626924054,-58.814989990194235
bat_SL_CoVZC45|2017,-40.73563798359056,21.205498126102448,45.88654130881001,-61.27984248799548
bat/Yunnan/RaTG13/2013|2013,-40.64961312163682,20.50445962375952,30.256076932108073,-74.19620757944296
bat/Yunnan/RmYN02/2019|2019,-45.7106113115346,33.0613247114987,42.483647229245534,-82.80310179781239
Wuhan-Hu-1/2019|2019,-32.587086445276654,21.195650814217885,33.89166889755034,-66.31431295149045
Wuhan/WIV05/2019|2019,-32.18825046831709,20.630540020793294,33.616118566343296,-65.86830677528518
USA/IL1/2020|2020,-32.66615166573652,20.991900911395568,34.005694617666755,-66.41515317846454
Yunnan/IVDC-YN-003/2020|2020,-32.686483085952474,21.082231163201477,34.195642316563834,-66.44320400744195
Japan/KY-V-029/2020|2020,-32.770485433300664,20.814580412232367,34.67814514937884,-66.2717422258413
Sweden/01/2020|2020,-32.00923221659663,20.020848201865906,33.49966523700634,-66.15689984484396
Nepal/61/2020|2020,-33.04033270787856,20.88345209478496,34.79624261435685,-66.80817900681535
USA/CA1/2020|2020,-33.770725527470596,21.283129797834576,35.14835543028383,-67.81167634444436
pangolin/Guangdong/P2S/2019|2019,-24.278295948490126,4.88845404969455,21.45859585047298,-61.097151406607885
Rs4247|2013,-40.43881981437077,21.21727194987839,44.06755992915042,-54.288264155842775
Rs4231|2013,-33.11461915090526,12.885466197449627,36.02185283113804,-51.06103174661781
Rs4081|2012,-36.607691548108754,17.641114936985684,39.0227483026722,-52.604141762455086
Rs4874|2013,-39.8140181584601,20.232149312052183,42.75303138434485,-56.49469739792623
Rs4255|2013,-37.652901509670265,17.71301279798604,39.53772711563927,-54.05939072629756
Rs9401|2015,-32.85611597765462,15.915536476369448,37.698107214419686,-49.94288422298228
Rs672|2006,-33.91690115771267,16.62744921550679,38.75893337074967,-51.13236762105348
TW6|2003,-43.332656507914194,19.57290420575991,43.08492462013143,-56.34621790985511
CUHK_AG03|2003,-43.5364141703174,19.756402282165784,43.18262283196659,-56.645306114354796
Sin842|2003,-44.132579840968745,20.475230105043366,44.34486174352155,-56.73728014111036
BJ02|2003,-43.94960123369236,20.22295502896271,43.00250816332411,-56.935489211150106
GZ0402|2004,-43.30823444202048,21.135966546226626,43.625689243124384,-57.01743585675386
GZ0401|2004,-44.01578396833101,21.706792476710127,45.901050526398606,-56.88848121186212
PC4_13|2004,-43.97983939812505,23.155722438722993,46.28140589396661,-58.649655195839635
PC4_136|2004,-43.703632863542936,21.898438653903035,44.89301538188868,-57.98060287246205
civet020|2004,-43.96773063534906,22.509165216194035,46.804739055152744,-56.83379842995655
HC/GZ/32/03|2003,-44.50250850613402,22.63487165389289,46.113764892659006,-57.91389254951806
Rf4092|2012,-37.63610000972201,18.631077070675584,40.262901603085474,-52.850778768431816
As6526|2014,-37.95684219674165,18.563754881225762,39.184282510664254,-54.068103521176525
Rs7327|2014,-37.96667142265387,19.325137274014665,42.824259731704586,-53.40668709116332
LYRa11|2011,-24.882244690795744,1.9102579224983138,29.16583097586641,-48.57360538236195
bat/Yunnan/RmYN01/2019|2019,-36.82388726241985,15.026721444111423,40.783137784112746,-53.699359859093384
BtKY72|2007,-36.79552476817276,9.445668771517271,35.31636333725668,-63.511974293832566
