tipNames,x1,x2,x3,x4
WIV1|2012,24.310345993056345,1.9795900382436056,-9.797182493149846,23.95690812460912
Rs3367|2012,23.420479264974187,2.588188233034565,-8.937372591555198,24.016711065096754
RsSHC014|2011,25.483809520555738,-0.06555955628180135,-12.19647678732272,23.102348537023598
Rs4084|2012,24.671943191940294,-1.030822083399704,-10.955735285906483,21.543822342065834
bat_SL_CoVZXC21|2015,17.825223813176052,7.683584647402212,-5.53449393154196,23.891892247285895
bat_SL_CoVZC45|2017,11.723702244716543,15.943919589516481,6.167058769131916,18.584090532955383
bat/Yunnan/RaTG13/2013|2013,12.925594078180941,12.512385868201907,7.2314128623106395,26.923979764595973
bat/Yunnan/RmYN02/2019|2019,16.320143920225167,7.181152531799217,5.934780627759192,33.92995922423395
Wuhan-Hu-1/2019|2019,13.634832972667638,7.068068411974326,5.120564720039611,27.356498997981483
Wuhan/WIV05/2019|2019,14.256796313337023,6.395461941742355,4.076646356900617,27.787896509208196
USA/IL1/2020|2020,14.264062349352754,6.299857981115336,4.0530059603198385,28.16712283967019
Yunnan/IVDC-YN-003/2020|2020,14.571421521486533,5.990630154936111,3.8622629235359605,28.304349352040717
Japan/KY-V-029/2020|2020,13.763744931178072,6.4574582741315085,3.8080726599366157,27.530048128981434
Sweden/01/2020|2020,13.547140272299707,6.407006009401084,3.8299136089971433,27.567463403605405
Nepal/61/2020|2020,14.781013576782625,5.184077333047942,3.0159393907958907,28.42201531732798
USA/CA1/2020|2020,14.264682113443888,6.059478191442448,3.4905789332100947,28.180751371579458
pangolin/Guangdong/P2S/2019|2019,14.493061289965528,5.243105806153459,-0.5275222035241006,23.508824828740128
Rs4247|2013,29.535965897784376,-4.166690927450217,-17.213775408441077,26.10511763248328
Rs4231|2013,25.454338678655056,0.11555764285635317,-12.224683413884042,23.995914234818077
Rs4081|2012,26.430989631693855,-1.4226288020690867,-13.790100447875803,23.761659320447162
Rs4874|2013,27.451604256501792,-2.1977884560886722,-13.12111855096416,27.006091862443476
Rs4255|2013,25.545747684012778,-1.3093719606395051,-12.49108589350006,24.017980872152396
Rs9401|2015,25.202039646780104,-1.1350970715185824,-11.65408922115607,24.134653556551694
Rs672|2006,29.149341204222925,-5.118112240633655,-16.066950784152006,28.862580814923273
TW6|2003,30.461633051319257,-4.701657108105653,-20.343359315998704,22.165958033399285
CUHK_AG03|2003,30.658700106087593,-4.813596611763175,-20.468055867234185,22.291798847278542
Sin842|2003,31.06296819605588,-4.872681837166624,-20.7212066401743,22.260435996429486
BJ02|2003,30.364963026256326,-4.0793512435417,-19.08768830738632,21.64461534205642
GZ0402|2004,25.586144527017737,-0.5040279016330844,-14.39053688348258,19.767335712926634
GZ0401|2004,26.126397346558214,-1.0327549323927496,-14.04428214095508,20.636509948282917
PC4_13|2004,24.716618352130865,0.3950259986326816,-12.948643342577984,19.78413683696443
PC4_136|2004,24.87078270591094,0.9421700971773316,-13.190913191908075,19.648571494613368
civet020|2004,25.75755212536646,-1.2508227656769013,-13.996836455070802,19.89411550878892
HC/GZ/32/03|2003,25.26674759954086,-0.11518739300630924,-13.563619332732511,19.53055379803221
Rf4092|2012,21.6204568601676,3.5660895780983326,-6.700491439967728,20.903129967872474
As6526|2014,24.800801174193477,-0.7870915692746192,-10.591405425989338,23.877247490322606
Rs7327|2014,25.85185177000479,-1.2689105835287504,-11.819973667024968,23.886042743116384
LYRa11|2011,17.25994001142826,2.924737141224691,1.1680751808932768,25.792019175635883
bat/Yunnan/RmYN01/2019|2019,21.662439755908714,2.1967001271719466,-11.283668612533976,21.72568777136325
BtKY72|2007,29.936013841580905,-5.615275384577664,-17.932527902118014,21.432192928841392
