tipNames,x1,x2,x3,x4
WIV1|2012,26.26567156486234,-35.089982978815385,-45.0018699870078,28.912199061595377
Rs3367|2012,25.095759824485466,-33.63293502792627,-43.636733981074165,27.491915928460983
RsSHC014|2011,24.690974733128034,-35.71959765686004,-42.84740088062381,28.155082985996156
Rs4084|2012,26.551191683467273,-36.99785027113861,-45.48975876222927,29.58631872136925
bat_SL_CoVZXC21|2015,31.791631554188275,-37.401434152949925,-48.608989748228176,34.29646209342337
bat_SL_CoVZC45|2017,25.77385435157806,-30.010096817681408,-40.481214155886626,33.13184305273034
bat/Yunnan/RaTG13/2013|2013,34.15272068498377,-43.42417646515037,-72.4350284457691,25.94525983406
bat/Yunnan/RmYN02/2019|2019,31.196599988442394,-39.26699444710949,-69.57047166513235,23.697297141147523
Wuhan-Hu-1/2019|2019,32.697935146645044,-37.44438178146648,-65.17929013882197,24.48499225341294
Wuhan/WIV05/2019|2019,32.0980061287293,-36.92184649769756,-64.61967053134924,23.80076716294047
USA/IL1/2020|2020,31.257128992828374,-36.32365078555964,-62.33219201600018,23.622643387410807
Yunnan/IVDC-YN-003/2020|2020,30.596362669497715,-35.772550803213086,-62.0186161967636,23.262535837527874
Japan/KY-V-029/2020|2020,31.066464123213287,-36.6015206035001,-62.959906846663664,22.809564115068824
Sweden/01/2020|2020,30.672141717692064,-36.29901037734965,-62.36828068860851,22.55233707259326
Nepal/61/2020|2020,30.82736941325235,-36.17201482782398,-62.704140805506654,22.44064614490384
USA/CA1/2020|2020,31.3316794660212,-36.36465784988677,-62.54697994442212,23.264751132985086
pangolin/Guangdong/P2S/2019|2019,21.40029875468808,-33.52534778086523,-45.193974166947534,29.26764743736702
Rs4247|2013,25.665265833821607,-36.5215963008447,-45.26163326389906,29.312582550830044
Rs4231|2013,26.452922981035076,-35.35308188809447,-46.09680547021956,28.71262336916926
Rs4081|2012,24.21562130628621,-34.271509751488495,-42.772937409435734,28.118484002721026
Rs4874|2013,23.469101460897843,-32.51148994180428,-42.41213333555483,27.305373763868854
Rs4255|2013,26.76014273490081,-36.0295900030214,-45.66355348139523,30.914316246230225
Rs9401|2015,26.618144048303463,-37.358719199374335,-44.070503327703854,27.963476463599463
Rs672|2006,28.910739588920123,-37.23715441452902,-46.972475386870066,30.46015098551745
TW6|2003,21.176280698094086,-32.412721021469935,-36.567872341760854,24.326196989885396
CUHK_AG03|2003,21.478251289137862,-32.65811323623497,-36.845588165199565,24.569041136769552
Sin842|2003,21.042051143138334,-32.53686113707082,-36.70129126814287,24.530366384111943
BJ02|2003,18.963900260761715,-31.872454742690163,-34.56101010089025,22.542245201710337
GZ0402|2004,20.757928380914862,-33.76633718555925,-37.95211741201444,23.008971954358383
GZ0401|2004,20.13002843646054,-32.66726773837125,-38.24247321579543,22.307280945011925
PC4_13|2004,19.61028429955319,-32.065754488414086,-36.987585464770746,21.669722304571774
PC4_136|2004,20.515574697684983,-32.23011574264019,-36.641458192445825,23.207463745620593
civet020|2004,19.4321919861135,-32.62727657135598,-37.00957163088675,21.754200977772502
HC/GZ/32/03|2003,19.476517987787492,-32.50586794292423,-36.64502049432024,21.686580439183338
Rf4092|2012,28.79684876457503,-38.40941037466409,-47.409265391208585,29.97666676463699
As6526|2014,26.59877673631702,-35.618965701241166,-43.814579646803196,29.127692257660332
Rs7327|2014,27.410463053884932,-36.38199701633465,-44.39701791402679,28.91609549324118
LYRa11|2011,24.90563088247054,-30.77507844718068,-37.511972336469356,37.04906444902781
bat/Yunnan/RmYN01/2019|2019,35.64986046423069,-44.875658458159755,-50.60196928054188,39.12910175401896
BtKY72|2007,36.857858450646034,-30.240846424649458,-35.29985675149507,48.122740741624014
