tipNames,x1,x2,x3,x4
WIV1|2012,26.985410951506726,-39.494347716944304,-61.2598436109678,40.95406815835827
Rs3367|2012,26.1942533737484,-39.898427744581646,-60.37320683981408,40.79770425987407
RsSHC014|2011,24.884718313748607,-39.14244485320961,-57.16255746577977,39.40513542444026
Rs4084|2012,26.23107330142822,-39.95816474852886,-58.218616538334594,38.692078525892335
bat_SL_CoVZXC21|2015,24.00316291335385,-37.37001903680473,-56.84825062608695,38.97473823785882
bat_SL_CoVZC45|2017,26.66742534600059,-44.39646006573171,-59.52541837740245,37.10895741089302
bat/Yunnan/RaTG13/2013|2013,16.056907976113532,-23.396906699456544,-54.44295728182285,28.092786189219915
bat/Yunnan/RmYN02/2019|2019,26.787191394553236,-37.84081107581907,-62.362833739943646,36.157772856678385
Wuhan-Hu-1/2019|2019,22.0208844703813,-28.94825717214276,-53.67196524669225,32.26978585744241
Wuhan/WIV05/2019|2019,22.38100264186385,-29.107127011243666,-54.06287918599013,32.253223656343714
USA/IL1/2020|2020,23.02466424985045,-29.639158936951223,-54.33329682658597,32.27555570439403
Yunnan/IVDC-YN-003/2020|2020,23.483779908663823,-30.10172814209907,-54.96419753464313,32.46236821292256
Japan/KY-V-029/2020|2020,23.128016931176187,-30.150814437707155,-55.07874703863744,32.26217788016497
Sweden/01/2020|2020,22.009429821514995,-29.10577313993923,-53.707266988464575,31.84400911946793
Nepal/61/2020|2020,22.14704293029215,-28.698864375539852,-54.10110440197432,31.991191292549075
USA/CA1/2020|2020,23.33913955941731,-30.28432704379956,-55.226166262113836,32.53506256566274
pangolin/Guangdong/P2S/2019|2019,38.75440360447861,-53.75961750323956,-77.68655253241904,47.11315142231661
Rs4247|2013,25.725515156245027,-39.30210374287982,-57.080382112695915,40.00501099833321
Rs4231|2013,28.35132401632342,-41.20269521726502,-60.44730575619794,42.69457662527731
Rs4081|2012,24.56524180893606,-37.941795014227004,-56.38089205386661,38.796536271704035
Rs4874|2013,26.27217763744323,-39.315492882425836,-59.21128651433432,39.77438127920406
Rs4255|2013,26.124195244834645,-38.15533084560863,-56.584586211090375,40.849301408131794
Rs9401|2015,20.521156067697895,-33.031712250091665,-52.74266146075765,39.333327015714445
Rs672|2006,19.395967940463304,-34.126305409793574,-50.407038681631285,35.94619901070381
TW6|2003,20.26746104982387,-37.91091011740752,-56.27847769463127,36.29308413079463
CUHK_AG03|2003,20.336934523894396,-38.0200527867643,-56.37131997986365,36.463212944029735
Sin842|2003,20.96080979595863,-38.17070383517733,-56.638076989854355,36.76722130507478
BJ02|2003,19.893368447185743,-37.7560764951296,-56.37588296063205,36.050698889344524
GZ0402|2004,22.371097216633135,-41.15353783314864,-60.54377129798521,36.19937849114241
GZ0401|2004,22.544063832176285,-41.03578144931594,-60.583071553180226,35.87480940783673
PC4_13|2004,20.37395160300292,-39.37803931851041,-57.79061982860161,35.10803801920301
PC4_136|2004,22.420522203202477,-40.607167602971174,-60.81880002858773,36.07022624830843
civet020|2004,21.73802696088611,-40.91197906246625,-61.685065213318474,35.31566599623431
HC/GZ/32/03|2003,22.517025669218313,-40.70639947161776,-60.72614438824364,36.06609007768478
Rf4092|2012,24.01814914988985,-36.73614330479898,-53.05671771585701,39.971226589086285
As6526|2014,25.498610460478684,-38.1357940721104,-58.72899362110637,39.22734692207004
Rs7327|2014,27.490882829406573,-40.83844338627535,-60.577753600418724,40.093012044606986
LYRa11|2011,26.166581008644943,-42.74273608305754,-56.47987561562969,43.39139664146061
bat/Yunnan/RmYN01/2019|2019,25.426231222437472,-42.134055994583235,-58.35788847659348,43.0060337643824
BtKY72|2007,22.398576070512256,-38.783728240097375,-50.96336550732534,46.338952742692975
