tipNames,x1,x2,x3,x4
WIV1|2012,-17.6244547694809,26.046402326400926,33.93327580317231,9.512331034445518
Rs3367|2012,-18.92512759796113,26.58924635953795,34.821760858522794,8.36939198260907
RsSHC014|2011,-19.429547462783997,28.1797409564986,35.32294796797992,7.983880457500229
Rs4084|2012,-18.6689365936757,28.25718535195462,35.22178712443053,8.077608833708076
bat_SL_CoVZXC21|2015,-8.885123179990968,17.43628391753485,28.074516539940472,11.113857121726923
bat_SL_CoVZC45|2017,-10.002402112422871,19.2609599426921,28.412308337184392,11.400691330916224
bat/Yunnan/RaTG13/2013|2013,7.95941219199319,-9.997986470704387,3.466347956391978,24.536035332315887
bat/Yunnan/RmYN02/2019|2019,-2.0298423859190184,-2.1979348564366044,23.221353933982474,21.254801901910874
Wuhan-Hu-1/2019|2019,-0.29754608299095026,-2.3427719215490863,18.160496646971488,25.6185556505215
Wuhan/WIV05/2019|2019,-0.3408285734564581,-2.6027246685321805,17.964855677461284,25.537114780393953
USA/IL1/2020|2020,0.37589186696485855,-3.980755658510818,16.595381915715993,25.421254720379856
Yunnan/IVDC-YN-003/2020|2020,0.09425027204536307,-3.557471395252091,16.702265906256873,25.314142591382854
Japan/KY-V-029/2020|2020,-0.9080511005261547,-2.482255612563433,17.90932634707098,24.675660106546268
Sweden/01/2020|2020,-0.9838661788598155,-1.9597409341809697,18.128678450068595,24.592169956586382
Nepal/61/2020|2020,-0.9085718064004134,-2.174588841142532,17.94733636149549,24.6325591199551
USA/CA1/2020|2020,0.4527277978603926,-3.2512348845010104,17.156596056328166,25.77591493430649
pangolin/Guangdong/P2S/2019|2019,6.449258395392528,4.357901629954218,13.734269481260938,24.946286783547087
Rs4247|2013,-17.296000098024127,27.232709579691317,34.77161735585157,10.945783797730051
Rs4231|2013,-23.38031886320776,31.849680874429456,42.673955820496836,7.754443431910917
Rs4081|2012,-16.950876228860817,26.55950145657426,34.71468809848755,10.111266964152613
Rs4874|2013,-18.27873552757868,28.1915007829306,36.43140557401231,9.893938091706543
Rs4255|2013,-15.957577231617204,25.614174594566336,34.319236372004234,11.90915122458929
Rs9401|2015,-16.3167149244723,22.260385179038074,32.86353200537062,8.028590402075476
Rs672|2006,-16.27831132271571,26.138331588479744,34.34610179275772,10.98549728823302
TW6|2003,-26.025010526684618,37.29973845310782,47.37131136400933,4.5783911096641985
CUHK_AG03|2003,-26.229465612019933,37.662013658435036,47.69403588853247,4.359903758101807
Sin842|2003,-26.082866589459748,37.536042912844174,47.84629157375638,4.6304707543535955
BJ02|2003,-26.92066204402001,37.87225006266866,48.44795169445868,2.869774118472306
GZ0402|2004,-26.206002979439667,37.11837841825758,47.58145099434164,2.362233275620692
GZ0401|2004,-27.393862632400864,38.85966588007103,49.26779827642333,1.5637444619742058
PC4_13|2004,-25.45232845477812,36.34868209942055,47.560875095726885,3.9798763144275044
PC4_136|2004,-26.289982380899332,36.77856899325409,47.17799473374061,2.8169139521335405
civet020|2004,-25.26976247211888,36.04006301579348,47.21348013775035,3.959006714722245
HC/GZ/32/03|2003,-26.05576143216022,37.72285904580016,47.77864217301536,2.8938476583745443
Rf4092|2012,-16.53634997070159,27.540121957711623,34.1650524039737,8.220822039559193
As6526|2014,-18.192696885995574,27.706221110868874,35.96474145563698,8.145312997997653
Rs7327|2014,-18.76750183008486,28.875331326682545,35.19035136146673,7.945934082185377
LYRa11|2011,-12.131650808850404,20.80050762434546,33.04102210159353,10.976493510091016
bat/Yunnan/RmYN01/2019|2019,-18.200713028393473,27.138619806232878,39.4596076928327,7.610826913051474
BtKY72|2007,29.218394659579815,-19.949590307105147,-9.609542868700423,50.06178645618476
