tipNames,x1,x2,x3,x4
WIV1|2012,20.63329828732902,-39.13940725471317,-56.558547719559975,-2.8019889387265366
Rs3367|2012,20.2284317307965,-38.83805905721955,-55.86857557076984,-2.5906842884542756
RsSHC014|2011,16.42071796146853,-36.02147679990903,-50.66345366845097,-2.6187049721139917
Rs4084|2012,17.994557932103675,-36.80283010402744,-51.44415003686533,-1.3867751754415822
bat_SL_CoVZXC21|2015,15.711965479719142,-29.90852923390993,-50.236687858935895,-9.203739269352221
bat_SL_CoVZC45|2017,10.033558892379464,-24.204843297045308,-45.30124634843336,-8.829087511805543
bat/Yunnan/RaTG13/2013|2013,18.895047627066138,-31.319570554069156,-56.711387511947095,-11.001190064020443
bat/Yunnan/RmYN02/2019|2019,24.054755646051404,-36.48984846590629,-61.036356650896494,-8.483455620538521
Wuhan-Hu-1/2019|2019,13.56000616735953,-25.98034838361664,-45.03298623561216,-14.158634512315981
Wuhan/WIV05/2019|2019,13.58253060263088,-26.02983404122974,-45.396114342152686,-14.327331122812316
USA/IL1/2020|2020,15.528074740256441,-27.74393757910201,-47.25990377914984,-12.822128927448917
Yunnan/IVDC-YN-003/2020|2020,15.47869828779044,-27.721930089966015,-47.436984512599196,-13.126126062873146
Japan/KY-V-029/2020|2020,15.702741125931421,-28.340844728278803,-47.877919374532006,-12.815068734906689
Sweden/01/2020|2020,14.425793334356674,-26.742988458666307,-46.20716526071608,-13.636988213112346
Nepal/61/2020|2020,13.922143614887194,-26.35121499437738,-45.891988435568166,-13.948471814581172
USA/CA1/2020|2020,14.14488222380613,-26.83011568582789,-46.35371503424087,-13.886398602841789
pangolin/Guangdong/P2S/2019|2019,22.11580923476037,-30.988981002471725,-55.22064845166231,-5.205680963054727
Rs4247|2013,17.927721236603457,-33.77183327952984,-53.310482650105264,-3.7716661637473505
Rs4231|2013,23.11796722665698,-41.95862675166561,-59.23108485321983,-0.26289816612376254
Rs4081|2012,19.79309038492176,-38.0193329727143,-55.72901473057987,-2.6976160480606373
Rs4874|2013,18.233112833449795,-36.368062416851046,-55.284220795369684,-4.110374392305997
Rs4255|2013,19.499119015637632,-38.52465039997743,-55.89098873208982,-1.982228613160484
Rs9401|2015,17.896325398213836,-37.59796865034558,-51.174594397666944,2.231812090078125
Rs672|2006,19.063163600684497,-38.31711242607987,-53.78728013316875,-4.349179695589
TW6|2003,22.860388649481248,-40.2901148377992,-54.24334719891208,-1.6433551867072542
CUHK_AG03|2003,22.671499034123386,-40.0795819482098,-53.90729534944818,-1.6642537306331637
Sin842|2003,23.088773213571816,-40.19030311829867,-54.59869019813749,-1.36135599142004
BJ02|2003,25.192131619291562,-42.304858430770516,-56.98845812069731,-0.8563411864062949
GZ0402|2004,20.869533876046237,-38.150605862753494,-52.755955243458814,-4.02426378638311
GZ0401|2004,21.812202267634557,-39.192685129200534,-54.3531832466942,-3.652038442660556
PC4_13|2004,21.214834700661743,-39.02312417104666,-54.63308081479066,-4.013052369496916
PC4_136|2004,20.830303814114053,-39.242584407013396,-54.59499538782295,-4.393132242138293
civet020|2004,20.098615445592795,-37.964197570132605,-52.700849225011325,-3.67118136868862
HC/GZ/32/03|2003,21.05060641192949,-39.16353199980566,-54.49122193094418,-3.9338243550443956
Rf4092|2012,18.246166221947608,-38.23103326691336,-52.89728026162582,-2.950094048199748
As6526|2014,19.231807824588056,-38.04895139909247,-56.26174613838324,-3.076989643653657
Rs7327|2014,15.663731588112967,-35.324411106699316,-52.741546230909734,-5.8852565999795985
LYRa11|2011,22.201708194073113,-37.75981211081516,-57.939088261847516,-1.3595270302179903
bat/Yunnan/RmYN01/2019|2019,20.544048418097862,-37.616889260325514,-55.85173020098031,-2.526081450223822
BtKY72|2007,16.272316840953586,-31.746248102787465,-72.38975850156581,-10.050321949616023
