tipNames,x1,x2,x3,x4
WIV1|2012,22.353686670411996,-13.091337895565639,-38.24313227264835,2.9015381081386624
Rs3367|2012,22.26054248503753,-13.226023203747367,-37.63212896511595,3.667800010550378
RsSHC014|2011,24.658143919250655,-15.50982607258235,-40.91386808715415,4.536935883011368
Rs4084|2012,24.728717391448253,-15.411549159556532,-41.24836878524991,4.583387162928168
bat_SL_CoVZXC21|2015,19.935229548352066,-7.717193164271913,-28.791353316082233,2.671738926187922
bat_SL_CoVZC45|2017,18.660322279360816,-3.029977729965454,-26.00856030921862,2.189006505445038
bat/Yunnan/RaTG13/2013|2013,-11.68252549415136,21.110182511977776,-4.356743119005835,-17.580743544412776
bat/Yunnan/RmYN02/2019|2019,-3.7267925824807557,14.515930500107771,-7.938481483312217,-15.075840523938313
Wuhan-Hu-1/2019|2019,-5.0808865121312765,14.739238751807786,-8.755707167082331,-12.001066000196417
Wuhan/WIV05/2019|2019,-5.349000944405203,15.291625247752567,-8.317295024670086,-11.82872421532069
USA/IL1/2020|2020,-4.653552899030451,14.495574503871879,-9.686356029672126,-10.863509135938385
Yunnan/IVDC-YN-003/2020|2020,-5.26420568708575,15.09976714720326,-9.05531402407698,-11.29038747492033
Japan/KY-V-029/2020|2020,-5.5830030856346795,15.070644483242688,-9.186673996730542,-12.237829205638192
Sweden/01/2020|2020,-6.092357287485278,15.640856473608688,-7.81118824743755,-11.960238545606543
Nepal/61/2020|2020,-5.303172820681586,15.445030175820625,-8.220736819242598,-10.883907558816817
USA/CA1/2020|2020,-5.417607481138509,15.495497561796455,-8.550050689115405,-11.267744351485494
pangolin/Guangdong/P2S/2019|2019,11.205617695789032,-8.279366288025699,-24.803244919118065,2.735016417021871
Rs4247|2013,19.959808066089536,-14.65265388280104,-37.63479904771357,2.5249239023922296
Rs4231|2013,20.57178386009632,-13.617257427800238,-36.78496640906244,2.878362220220568
Rs4081|2012,22.70441772592947,-15.441852162313989,-40.303923473092105,3.0514148544629753
Rs4874|2013,21.97257234212105,-15.817717482014016,-40.28170302736776,2.7683254315526105
Rs4255|2013,22.795304163172798,-15.80788141515778,-40.9442980292686,4.018549919969358
Rs9401|2015,24.51255079499212,-12.438080449732801,-42.888858889539,4.575342815695123
Rs672|2006,25.09605007427236,-16.87082089788486,-43.13720863911313,5.364411550576415
TW6|2003,15.538014832510854,-10.20309227345348,-35.51717802637362,2.94366586279045
CUHK_AG03|2003,15.611166514869842,-10.17190749346111,-35.413356807722444,2.936965822610317
Sin842|2003,15.338810599043558,-9.929615493385514,-34.94037625682978,3.109237763122894
BJ02|2003,16.43681770038741,-11.238259746752219,-36.35169733412773,3.771076580079753
GZ0402|2004,18.474672660409002,-13.36508520399688,-36.21421479708522,4.312128879162636
GZ0401|2004,19.33970624185261,-13.909834612510185,-37.441830387824545,5.317859604197633
PC4_13|2004,19.75167512905767,-14.190720841510311,-39.006440410863654,5.327035516128365
PC4_136|2004,18.352514465087896,-13.433955191192629,-37.282117926918616,4.208258026747611
civet020|2004,18.948270662994656,-12.562865750661242,-37.144832281820456,4.8896553787160455
HC/GZ/32/03|2003,18.310975200815143,-12.628015331831648,-36.466329759358516,4.304776830227752
Rf4092|2012,26.75593687955325,-17.90041889117241,-46.11359684185352,4.7673596438340144
As6526|2014,27.646290754525,-18.563552004946548,-43.10634167288755,6.836966337584866
Rs7327|2014,24.263448197193817,-15.581415492129157,-40.454019041016515,6.017646292765778
LYRa11|2011,19.230504892755025,-8.727385603136852,-32.606673557400185,2.198850306564829
bat/Yunnan/RmYN01/2019|2019,21.55343652477616,-13.218955439146061,-37.004759896647954,5.350983475503514
BtKY72|2007,-7.302071709527473,0.26209951829083344,-18.516170743039172,-12.416206215398091
