tipNames,x1,x2,x3,x4
WIV1|2012,-22.650249937763817,5.957523549061484,57.17214013546435,7.785659344438423
Rs3367|2012,-20.395996416836986,4.083689950038993,54.73660802188422,8.592644709632156
RsSHC014|2011,-23.510053709668295,6.312376750068323,56.05745968148477,6.340863404394856
Rs4084|2012,-22.524441017524218,5.582572412048911,55.87851064260238,6.809186443970334
bat_SL_CoVZXC21|2015,-14.114671796055172,-5.134879985632489,45.02052314677689,7.439230700894249
bat_SL_CoVZC45|2017,-13.183888901698987,-2.4721759428369543,46.26190085826828,6.279589135485767
bat/Yunnan/RaTG13/2013|2013,7.556664493794364,-14.964436537367034,27.92287350660963,36.893940790282784
bat/Yunnan/RmYN02/2019|2019,7.064331310304297,-10.371512612509374,35.28309343408876,36.915670773526664
Wuhan-Hu-1/2019|2019,7.02236532445242,-15.00516577638836,30.65735815281391,33.05906474820552
Wuhan/WIV05/2019|2019,6.127560325691749,-14.63461166213231,31.435325698373774,32.21824317779481
USA/IL1/2020|2020,6.305948758530958,-13.945925949076473,32.04238424514237,31.99681273047037
Yunnan/IVDC-YN-003/2020|2020,6.885240159648271,-14.386147811881198,31.258957658940837,32.16885435508725
Japan/KY-V-029/2020|2020,6.471593369318794,-14.092154882302841,30.726077282360677,31.343733501021116
Sweden/01/2020|2020,6.906913904848206,-14.553644938949779,29.926599403309698,31.25791964746967
Nepal/61/2020|2020,5.516846645887481,-13.110515851064191,32.113971001682664,30.85664776098256
USA/CA1/2020|2020,5.986037984599953,-13.428544116369363,31.54791970276892,30.689738504521074
pangolin/Guangdong/P2S/2019|2019,-0.31093146917379144,-8.1401343608348,29.52209911708628,25.905552438799536
Rs4247|2013,-22.18943424359138,7.2433060987456575,56.441357339196124,8.567874402035361
Rs4231|2013,-23.298148458805198,8.102071439845336,57.918626515044764,9.172271993176677
Rs4081|2012,-20.81292659429926,5.030486658549989,54.31813801592236,9.097988390959244
Rs4874|2013,-23.275522385643406,7.918866079874863,58.71319988320535,8.720150180943168
Rs4255|2013,-23.966728543109344,8.439532719517725,57.5477557347895,7.475522092943663
Rs9401|2015,-23.694668056681053,7.1247432666460515,55.644496367258526,5.044127053357078
Rs672|2006,-24.640947666144474,8.622125917611658,57.07419516829226,2.9814918996991224
TW6|2003,-22.135434338118554,6.730365735008238,57.8620405659699,5.65219278986899
CUHK_AG03|2003,-22.15163072392581,6.697246970172158,57.89706737543121,5.736575368373711
Sin842|2003,-21.59338582053582,5.84495228649234,56.776373474421646,5.9494305463299435
BJ02|2003,-21.941872695341182,6.746257238260025,57.334341025319304,5.536744895563838
GZ0402|2004,-21.810142069078097,6.9729372123313835,59.37353938189199,7.207236096372836
GZ0401|2004,-20.364579325158118,5.822132527229973,57.18405534340785,7.721549981320711
PC4_13|2004,-21.42414419073494,6.831872840828414,58.129435167650385,7.958212028769916
PC4_136|2004,-21.438331332582575,5.879900884943128,57.24085759536407,7.500873128616902
civet020|2004,-21.93131246652486,6.8079128556028845,58.28222945458716,6.701804431557166
HC/GZ/32/03|2003,-22.17705441041105,6.702244283032619,58.63431681690067,6.811665839308916
Rf4092|2012,-27.488551233966774,11.026996846816497,62.079716107382254,3.9514157561585126
As6526|2014,-23.16538742000472,5.194144907761907,55.85438560450249,6.874359638062192
Rs7327|2014,-22.487922071636014,3.981448203879564,54.84239384155392,5.898603760719152
LYRa11|2011,-17.57771512826504,-0.6394452807772746,48.405833139055815,11.765073072495658
bat/Yunnan/RmYN01/2019|2019,-18.23165265773049,1.435039952692811,49.27888457507368,11.56079175170791
BtKY72|2007,-30.858551206068903,17.719437304200127,62.575226207732165,3.3151500680620885
