tipNames,x1,x2,x3,x4
WIV1|2012,12.408628534243777,14.70116775204325,-2.6599004168642697,20.474114290067572
Rs3367|2012,11.056262627282548,16.265884614277685,-0.37053805717109833,20.401341906825273
RsSHC014|2011,12.000687518713429,14.261788770066232,-2.994223407553812,19.75278010622186
Rs4084|2012,13.409830855752451,13.413891586294323,-3.8948212847864845,20.972333663672213
bat_SL_CoVZXC21|2015,11.642716480858335,13.878745437244088,-2.9898167320138715,18.374489645314664
bat_SL_CoVZC45|2017,18.748205123223016,10.578595211742702,-7.610783637346017,25.12739875538453
bat/Yunnan/RaTG13/2013|2013,10.499450714026008,15.528599564999595,0.8906615511530136,22.47176122643905
bat/Yunnan/RmYN02/2019|2019,16.475096952736813,5.661469783832558,-3.899500368921066,26.712726177029552
Wuhan-Hu-1/2019|2019,20.99916812565973,4.582792873806176,-13.44544642208249,27.14061997981584
Wuhan/WIV05/2019|2019,20.935542783626524,4.7550243363137765,-13.540868780749147,27.07664868224689
USA/IL1/2020|2020,21.198833049605106,3.993671401798146,-13.818704227942646,27.456215995116843
Yunnan/IVDC-YN-003/2020|2020,21.874500435494678,3.594619864713713,-14.471830634719804,27.838414662362393
Japan/KY-V-029/2020|2020,21.44820160355474,4.321101627304104,-14.151875206658934,27.284447303100578
Sweden/01/2020|2020,20.773780842788774,5.204612104531286,-12.551320820222694,27.19399187322872
Nepal/61/2020|2020,21.441772193829937,4.404459879264541,-13.856126087660979,27.583504319396344
USA/CA1/2020|2020,21.51358084630417,3.821068056471465,-14.418015863212045,27.684569490227766
pangolin/Guangdong/P2S/2019|2019,30.337319172952636,-2.3134018456646075,-24.535475933107918,27.45232813396482
Rs4247|2013,10.667901282791306,17.16995786321928,1.4247324607967953,19.865478219306947
Rs4231|2013,9.758765570754328,17.654463572839973,2.192615679995204,19.915077492827024
Rs4081|2012,9.7018651937431,17.23556288578965,2.0447666507665527,19.423731454427067
Rs4874|2013,10.507737709034089,16.27976762759357,1.7692766087292968,20.690174892486933
Rs4255|2013,9.457664502326903,17.291821195185502,-0.28745376833636915,17.56448416724892
Rs9401|2015,12.817600193328618,13.081956075839333,-2.733553110502263,23.625886136260256
Rs672|2006,20.463115072799,6.710361478192482,-10.027619006246068,24.28971028759173
TW6|2003,15.402051404772614,14.500826770559533,0.016969765708133355,21.447639782849095
CUHK_AG03|2003,15.533812649785942,14.48421849340169,-0.04649386901310436,21.67552860366748
Sin842|2003,15.161264660389934,14.370940196758957,0.18136331133260963,21.582306963684633
BJ02|2003,17.336406394662166,13.126821710559671,-1.0877017651560195,22.587066857382233
GZ0402|2004,16.56892890707835,12.635150716592193,-2.009298485248377,23.591380685205625
GZ0401|2004,17.52008388449765,12.108114839762488,-2.1643327877210736,24.25519868722624
PC4_13|2004,18.439090829149432,10.959765026936896,-3.893955261736783,23.821262090820046
PC4_136|2004,18.03857005556286,11.617798422458472,-3.03243820443807,23.563715850121017
civet020|2004,17.072208347085155,11.52884021523275,-2.5400930693067076,23.375836637078656
HC/GZ/32/03|2003,16.902174309410245,12.167346285994144,-2.7577411099724594,23.386510336301413
Rf4092|2012,8.283296523214581,18.890496640012362,1.7208987942410117,18.55882547391282
As6526|2014,13.460236104280765,13.52499875019129,-3.1655048681564604,22.58079399899433
Rs7327|2014,14.530618337260767,12.598461162638795,-4.4932228720266,22.135728111754172
LYRa11|2011,16.759002597373645,17.473481442195414,-3.0373086665998876,19.334426934056825
bat/Yunnan/RmYN01/2019|2019,14.281543596614744,13.496912930649653,-1.3683911184665134,19.525037999685637
BtKY72|2007,24.81462192563587,-11.411327151024278,-18.15391978410328,12.637510130957862
