tipNames,x1,x2,x3,x4
WIV1|2012,-33.92772020782424,24.899648602900083,37.93642195364097,-54.032676494596046
Rs3367|2012,-36.63064299314905,28.054371934565044,40.501394242653156,-55.95175313733205
RsSHC014|2011,-36.71903268593018,29.84349670282641,42.2770238247197,-56.803047682082784
Rs4084|2012,-34.75276200415484,27.59562516994365,39.88473044025256,-55.01898349926359
bat_SL_CoVZXC21|2015,-52.01009584988497,32.90756769179294,51.86174769655859,-61.233805932523396
bat_SL_CoVZC45|2017,-44.68716406211268,28.095061640305303,42.75383931447253,-57.66581679476371
bat/Yunnan/RaTG13/2013|2013,-56.44174289125588,32.93195188970629,45.469530262435704,-71.0848140727638
bat/Yunnan/RmYN02/2019|2019,-63.563632339271095,43.74430855814426,55.49403202820043,-77.20014815660547
Wuhan-Hu-1/2019|2019,-66.07016339663734,47.2414990250058,58.30265351106439,-75.39075547480024
Wuhan/WIV05/2019|2019,-66.19890135789396,47.26494568882436,58.30508284489638,-75.37992385093233
USA/IL1/2020|2020,-66.00193452693112,46.67867265906888,58.65251898178479,-74.96511785442243
Yunnan/IVDC-YN-003/2020|2020,-65.94245454825324,46.75304285071757,58.35692050949805,-75.31817127461191
Japan/KY-V-029/2020|2020,-65.55539295657576,46.46036671900923,57.67368019565543,-74.8369122278394
Sweden/01/2020|2020,-65.95103932361425,47.153989852301535,58.32256096978456,-75.02663078472301
Nepal/61/2020|2020,-65.67861567336715,46.26814900867883,57.98993706928116,-74.78439677198342
USA/CA1/2020|2020,-66.19323271446775,46.714382724628514,58.61425232572046,-75.25956889468779
pangolin/Guangdong/P2S/2019|2019,-67.06944196424173,44.266535295826145,49.484279911422774,-82.55166752290232
Rs4247|2013,-33.60897827970101,25.691730881905148,40.26776208296721,-53.413898895031465
Rs4231|2013,-34.25815323667869,27.29380432517746,41.18918627117847,-53.68249049013721
Rs4081|2012,-34.333903425519836,26.75511786049248,40.04923796130072,-54.03680694017274
Rs4874|2013,-36.57406159442627,28.596580103705197,41.69093606705906,-55.601386786650046
Rs4255|2013,-35.775557968598264,26.872560081273384,40.69732279994075,-55.938460226363745
Rs9401|2015,-41.19051191303792,33.39268055899744,46.002810581419446,-61.05377856333659
Rs672|2006,-35.41507677097802,26.16221970303952,41.33117077165976,-55.0702494197297
TW6|2003,-32.24673157566822,28.026235245233135,37.99620701875066,-49.59860970384403
CUHK_AG03|2003,-32.608111655089914,28.47618552188771,38.463432306234274,-49.885016559807035
Sin842|2003,-32.56385511890688,28.505583654519135,38.50610154682736,-48.98678234238731
BJ02|2003,-33.567156165802444,29.284909775765804,41.17629325440605,-48.337542098462784
GZ0402|2004,-31.675154259431302,26.632242443811986,38.475653856684566,-49.05202986991223
GZ0401|2004,-30.64313638312654,25.71008496293753,37.82176671131223,-47.429351352307386
PC4_13|2004,-30.702908867100703,26.725917243372656,38.1081565276278,-48.175795408325314
PC4_136|2004,-29.729789529286407,25.413854538205836,36.885033981408135,-46.96612063798741
civet020|2004,-31.92536073555394,27.977529178146636,38.91390617409527,-48.67106257856896
HC/GZ/32/03|2003,-30.817026553285075,26.338767292602068,37.22116077758682,-48.29681376357779
Rf4092|2012,-33.60275037700472,25.102342632140843,40.03127232200364,-51.75503728722482
As6526|2014,-36.788130298965804,28.922861455418154,40.78315855297165,-55.400879553457806
Rs7327|2014,-38.01269190139526,30.162519621806457,43.479088906285355,-57.10344392641752
LYRa11|2011,-29.546768330697255,27.71276893928546,34.227736388594764,-50.94111274633115
bat/Yunnan/RmYN01/2019|2019,-28.616402771283454,23.961075255392714,37.35701663868626,-49.687560042876385
BtKY72|2007,-52.93099666129324,31.30375638088278,40.51516249391781,-67.85771665227644
