tipNames,x1,x2,x3,x4
WIV1|2012,8.097790793340472,-2.296024524227218,-19.868684891221015,-5.959102967251368
Rs3367|2012,7.153891546328803,-0.9691389004025037,-19.065867296921,-6.206857366818476
RsSHC014|2011,7.1688122862140355,-2.851452142813989,-18.735137554928066,-5.259043147636241
Rs4084|2012,6.027242560085676,-0.4827114921813993,-16.656944370256937,-5.267714347540908
bat_SL_CoVZXC21|2015,2.9959162766741154,0.6939131504403042,-19.52390286869312,-3.831583278261604
bat_SL_CoVZC45|2017,7.546978397845744,-3.5005940208448365,-24.387589646295268,-0.28645720147812637
bat/Yunnan/RaTG13/2013|2013,-7.927587405498691,14.223375840985872,-4.996451137450225,-15.915051072979765
bat/Yunnan/RmYN02/2019|2019,-5.34214514869798,11.432916046062694,-8.565040472838723,-11.92428962180624
Wuhan-Hu-1/2019|2019,-6.217818816178281,13.794929791641469,-7.088977861646901,-11.432513014632859
Wuhan/WIV05/2019|2019,-6.3682670487850155,14.260071604379181,-6.592635148939863,-11.601318572772714
USA/IL1/2020|2020,-5.927439493306624,13.601922877061979,-7.525331818997381,-11.125969320179449
Yunnan/IVDC-YN-003/2020|2020,-5.9371883638643155,13.645682513169618,-7.095666736912098,-10.971834884965924
Japan/KY-V-029/2020|2020,-6.962933414062232,14.254210986756737,-6.280751159797466,-11.320687297616713
Sweden/01/2020|2020,-8.193079321822468,15.799483892828988,-4.3539626825126,-11.704891867101367
Nepal/61/2020|2020,-5.882309658599674,12.943459884639212,-7.6121818803911765,-10.799085557637326
USA/CA1/2020|2020,-5.8875920402277595,12.601156236479197,-7.642999414018046,-11.112623348930022
pangolin/Guangdong/P2S/2019|2019,-16.166166249299806,20.599615661499595,3.128258070383395,-25.13982400998088
Rs4247|2013,10.204532402575381,-5.075992875860491,-22.477164311636137,-3.3172626080090204
Rs4231|2013,6.609024759874136,-1.292103425942571,-16.774013216382382,-6.108125324382177
Rs4081|2012,8.387513897267334,-3.3758312841715976,-19.534633221083844,-4.125080276807786
Rs4874|2013,8.569980965657008,-3.4669708043935366,-18.53894419168455,-3.963012465331404
Rs4255|2013,5.923561525630695,-0.5396367950790858,-17.02365358376685,-6.396256504798979
Rs9401|2015,2.2196719038028627,1.534192199960434,-12.727715603809534,-6.416700768430274
Rs672|2006,2.5721151531168824,1.080049053130328,-16.427137365169585,-7.631544541123445
TW6|2003,13.561696326843554,-9.599262257217525,-26.34055527276342,-0.4819838427418318
CUHK_AG03|2003,13.371670925581506,-9.473110185342696,-26.152356878917395,-0.6551894948369912
Sin842|2003,13.372094072809482,-9.564084371548423,-26.222218989388615,-0.8096583414139509
BJ02|2003,14.41475549737763,-11.170800493827628,-27.131963972240154,0.18391958029001187
GZ0402|2004,11.983035431990869,-8.0093637115073,-24.07039571493762,-1.503273176545421
GZ0401|2004,13.039834414428753,-9.442281515074692,-25.298113996952516,-0.627468621817836
PC4_13|2004,11.342563214081444,-7.69197124334458,-23.158649920383276,-1.668782166206865
PC4_136|2004,12.152925516283164,-8.134694373169925,-23.23648422912198,-2.0291222182722644
civet020|2004,13.918870035005222,-10.035384430771519,-25.71750648589381,-0.9676871517241239
HC/GZ/32/03|2003,13.240113344859889,-9.4674877285795,-25.079416782234226,-1.1108416158058436
Rf4092|2012,1.8406051618545902,0.772242672163711,-16.704143028720388,-8.149969027342024
As6526|2014,6.102068179292992,-1.527343611715195,-15.903283786961453,-5.050388421873224
Rs7327|2014,3.7203087441942952,0.7426663495308443,-13.331836665888712,-6.42065312042208
LYRa11|2011,14.22050509690799,-8.790235642228795,-26.773453525564616,-2.534725317485901
bat/Yunnan/RmYN01/2019|2019,10.646388484621577,-6.29372391845182,-24.51271809790599,-4.805390049023555
BtKY72|2007,-2.6448184701544317,-2.3836456836265247,-23.62520872191123,-20.603061656340014
