tipNames,x1,x2,x3,x4
WIV1|2012,23.47715970452354,-10.208205195253896,-17.89610228925388,11.917703959073224
Rs3367|2012,24.556535592704154,-10.594108387911367,-18.413487177795822,13.264685860566589
RsSHC014|2011,22.659850956604593,-7.970504719058703,-14.892883974835767,11.176750592574491
Rs4084|2012,20.855006828490602,-7.7860997366974924,-13.463620372539593,11.859653296344202
bat_SL_CoVZXC21|2015,29.55645096926762,-16.02495533068299,-24.84914926929444,14.359053025609237
bat_SL_CoVZC45|2017,30.773453635212388,-15.4708994420854,-32.48754854407564,14.376918313934341
bat/Yunnan/RaTG13/2013|2013,25.593722222007756,-14.299888983130149,-21.28979978284743,20.507493677423824
bat/Yunnan/RmYN02/2019|2019,9.139180638885222,-5.4977370706382676,-8.006946930327194,7.440773679037952
Wuhan-Hu-1/2019|2019,11.431081177643723,-3.510250436267986,-6.686146179608268,9.606411119691328
Wuhan/WIV05/2019|2019,11.490921151709342,-3.6492062988308116,-6.457282648931378,9.942467176702745
USA/IL1/2020|2020,9.617166143315655,-2.304633632810789,-4.891866604919913,8.749018464360391
Yunnan/IVDC-YN-003/2020|2020,9.738268010177832,-2.530065579464804,-5.046172724135055,8.800580267834931
Japan/KY-V-029/2020|2020,10.718274404524035,-3.3149255951020384,-5.583509190765136,9.545952703963343
Sweden/01/2020|2020,10.080632157948374,-2.403180060866485,-4.781641630933361,8.914884998830482
Nepal/61/2020|2020,8.85950664804308,-2.2162177271877517,-4.757111583371865,7.51355166051059
USA/CA1/2020|2020,10.694911889264734,-3.8223080242979,-6.649776015669309,8.319215406485378
pangolin/Guangdong/P2S/2019|2019,19.332527425736703,-10.599860835910299,-11.66491225907718,19.41006719134328
Rs4247|2013,25.50649920364243,-10.705039184824589,-17.689120049234404,14.637905359443906
Rs4231|2013,23.301478760679146,-9.969467677516885,-17.633158482447186,12.92922034666773
Rs4081|2012,24.143319762470526,-8.937554215919517,-15.678024158848542,13.953501482219862
Rs4874|2013,24.348494204186807,-10.080499407245474,-17.47626184434114,13.30175205403299
Rs4255|2013,24.38045164178496,-11.650184721472948,-17.427651321714745,13.647743913391992
Rs9401|2015,22.92690132856995,-11.729056299703428,-17.029082293323096,10.769920140943917
Rs672|2006,23.775778338866704,-9.554510861408753,-15.922597229610991,11.576422511367081
TW6|2003,20.845910449963412,-7.226250532766635,-11.91897726099848,11.172094923743035
CUHK_AG03|2003,20.679125711859985,-7.063465568103867,-11.540258418169003,11.16464483100314
Sin842|2003,19.401600559295527,-5.916694228192235,-10.043406704532728,10.015513164960648
BJ02|2003,20.230805780198562,-6.195293164920198,-11.13415602620899,10.911729383788773
GZ0402|2004,20.285879542324302,-6.852108819871083,-12.288979538786831,11.120510109998339
GZ0401|2004,21.058588585536654,-7.113568293839303,-12.496387201450762,10.770840701602761
PC4_13|2004,20.8442185212097,-6.832499490017471,-13.472570623102568,10.71048298648181
PC4_136|2004,21.481415452216414,-7.2387225573497265,-12.953653478023053,11.40205805642701
civet020|2004,22.296296199010342,-8.354189799513758,-14.814553830041865,11.132471153945037
HC/GZ/32/03|2003,21.256013819956085,-6.969390925894448,-12.230801434360732,11.362001040656779
Rf4092|2012,21.331975435195258,-8.134746900870317,-16.595771355085567,9.646529757712207
As6526|2014,27.905899619683602,-12.912302947596777,-19.235297384494828,15.999022345797059
Rs7327|2014,26.02725136821165,-11.339175446812794,-18.513458991649916,13.707133930465762
LYRa11|2011,30.110567695927557,-14.85682970649679,-18.11112501769867,19.20646645870477
bat/Yunnan/RmYN01/2019|2019,27.918801376371242,-11.879312716484563,-16.710125937809128,13.769069446072656
BtKY72|2007,38.596097075970626,-38.95205991483517,-27.249617639101324,24.82236483224634
