tipNames,x1,x2,x3,x4
WIV1|2012,1.852688666125711,-23.635297901654436,-15.16362627452894,-3.669265120210959
Rs3367|2012,3.054489650966698,-25.594738081396258,-16.569212655144515,-2.4723269952362914
RsSHC014|2011,2.1603437681983766,-25.499985702323272,-18.626540433059834,-2.851857116905905
Rs4084|2012,2.269720583840155,-25.392456392569283,-17.569170013050492,-1.656274186718951
bat_SL_CoVZXC21|2015,-0.5570548377949985,-20.59709618482462,-7.7940954588968765,-1.4604578630064897
bat_SL_CoVZC45|2017,-1.2555300615513625,-19.178615493808966,-9.211565386908662,0.42290608930230056
bat/Yunnan/RaTG13/2013|2013,-8.214537012685309,-21.90680259578527,-16.213593862454168,-8.27581866775221
bat/Yunnan/RmYN02/2019|2019,-2.1658951362939303,-28.627435274795715,-20.81451450033274,-7.574682341252967
Wuhan-Hu-1/2019|2019,-7.831114884234222,-19.489835273958015,-4.832136219580761,-8.749395703403613
Wuhan/WIV05/2019|2019,-7.473459239706816,-20.186538103092488,-5.349112245806027,-8.704216304073435
USA/IL1/2020|2020,-6.6317723373313235,-20.58564985403716,-6.1068098939536055,-7.399380427302927
Yunnan/IVDC-YN-003/2020|2020,-7.077725057639391,-20.312767701215044,-5.551047667932603,-7.393733162086913
Japan/KY-V-029/2020|2020,-6.4900428588054675,-20.865319212327613,-6.3785027882305085,-8.015505872284535
Sweden/01/2020|2020,-6.380461630553811,-20.207976912387632,-5.836264689775448,-7.261317678763559
Nepal/61/2020|2020,-6.4685756452848935,-20.79660988309317,-6.1204012326697566,-7.561989705381895
USA/CA1/2020|2020,-6.560736233866363,-20.10017663090766,-5.513407556626218,-7.9259876884702525
pangolin/Guangdong/P2S/2019|2019,-9.15309920326489,-20.039399744425335,-5.566299227793232,-4.402995625674627
Rs4247|2013,0.4151536812487975,-19.940713538537263,-10.192509922412073,-0.5561217360686298
Rs4231|2013,-3.714054281368184,-19.390823935812286,-7.588793186110751,-3.441045177781849
Rs4081|2012,-0.3496013896822678,-21.030457808844183,-11.709248681542206,-1.589489775890776
Rs4874|2013,-0.9468899737112152,-20.65357958191234,-11.22173074244131,-2.0196163575717283
Rs4255|2013,-0.62251298497972,-21.058780833085528,-14.042093293818706,-2.9633350872985087
Rs9401|2015,3.382489092980004,-26.05811196141519,-18.77057338319644,-4.131909580164735
Rs672|2006,-3.3952567259267505,-21.208160874126893,-11.27664672250408,-7.3004341688294065
TW6|2003,1.854074505305008,-22.724861579956187,-12.902714800068091,-0.5405470269586877
CUHK_AG03|2003,2.0031976978978685,-22.986352323187738,-13.070060374873986,-0.4509311860671743
Sin842|2003,1.7402210065857033,-23.17560224728757,-13.17974894814436,-1.0885223402676272
BJ02|2003,1.6733794866009941,-22.611471779449676,-13.130293115494416,-0.8200198069450414
GZ0402|2004,3.639159308061882,-23.95193319116385,-15.553417341447076,0.5528274655007076
GZ0401|2004,3.8881479737656948,-22.932950019746926,-15.590823811069246,0.3615673092830301
PC4_13|2004,2.1330048777544226,-22.129736127740124,-13.902130610337775,-0.40737342637996016
PC4_136|2004,1.4630299961763429,-21.47709971966469,-14.143095307236655,-0.6408413594434532
civet020|2004,2.742940715746328,-22.446639570601988,-14.139995420062444,-1.038589927707799
HC/GZ/32/03|2003,1.809849818502081,-21.66739805088652,-13.67367363453451,-0.8412433700498778
Rf4092|2012,-2.024990048288936,-20.993985777093005,-12.88098511167048,-4.302013384033202
As6526|2014,0.1310926885514614,-22.658639297513446,-12.673555768201759,-2.3634765719485737
Rs7327|2014,1.1126240556450528,-24.09227452462963,-14.951837628582371,-1.859418388219313
LYRa11|2011,1.6829397464391769,-23.668398000893696,-18.921540727985217,-1.5230493522366229
bat/Yunnan/RmYN01/2019|2019,-6.099276348772715,-19.889946968048207,-7.281492034739125,-7.641205827049468
BtKY72|2007,-8.813084882324029,-25.501722332068752,-16.848123825491378,-12.394356528392462
