tipNames,x1,x2,x3,x4
WIV1|2012,1.1936322713694316,17.07386145933155,-6.854268591044159,1.252741486381273
Rs3367|2012,1.6677684637580883,16.649325668407997,-7.644724692686181,2.2688727950874283
RsSHC014|2011,2.557408939117406,15.419438589992359,-12.159708374229321,0.8382217733865742
Rs4084|2012,2.1185322053769413,14.603730673391489,-10.745031268037234,-0.10184395413821173
bat_SL_CoVZXC21|2015,-0.2982880283291562,22.056059531945884,-5.489501265440365,-0.11113309458363851
bat_SL_CoVZC45|2017,-3.1559118546599545,21.724885217096837,-7.8915815560301175,-2.3002897481085816
bat/Yunnan/RaTG13/2013|2013,-6.0321431148111175,18.669777988976833,4.386189800494815,-9.206332721105763
bat/Yunnan/RmYN02/2019|2019,-0.10715745559866696,22.542777135167345,6.914748741631915,0.10572937466081722
Wuhan-Hu-1/2019|2019,-3.348469682529028,19.626247962342003,7.371771601208694,-2.8383786769835213
Wuhan/WIV05/2019|2019,-3.891769412139361,20.58729942775494,8.306432979006244,-2.840472542260494
USA/IL1/2020|2020,-2.6863554015815776,19.74236954816521,6.809753185165705,-2.9110332069437774
Yunnan/IVDC-YN-003/2020|2020,-2.4171116045999734,19.80638517300592,6.567337651290899,-2.747064610682828
Japan/KY-V-029/2020|2020,-2.6981835262524823,19.40559371082487,6.554632621470569,-2.8700402226947324
Sweden/01/2020|2020,-3.4816649355653295,20.251022314084086,6.8991459954800245,-3.2678685143524215
Nepal/61/2020|2020,-2.880600180222524,19.042616184879382,5.251195133443023,-2.953195676473347
USA/CA1/2020|2020,-3.072552707800019,19.313793261891526,6.098528699675115,-2.8838904338037095
pangolin/Guangdong/P2S/2019|2019,9.980723542501417,13.376312096595367,-15.665392395574274,3.1175996993758543
Rs4247|2013,-1.2476163210916962,20.463295635587603,-8.373597712781109,-1.1388887717371858
Rs4231|2013,1.3781578190747914,17.233764950755962,-10.169494890169295,2.9541616787412712
Rs4081|2012,1.8508388289081261,17.249437136982593,-10.57566716287557,0.9686944166754825
Rs4874|2013,-0.7628385511202985,19.621555012283913,-6.107489798854342,-0.5579337331205415
Rs4255|2013,1.1633944977012656,16.884440544339057,-9.366561345096706,0.9236156451744687
Rs9401|2015,1.0771216174209879,16.186404165802816,-5.428395636868114,-0.2942129955768197
Rs672|2006,0.07803934491571984,16.245789360490335,-8.715734789000416,-2.922461449449259
TW6|2003,-2.6577865124351474,22.23408425531829,-6.81475322745793,2.903841724810613
CUHK_AG03|2003,-2.5596208315356055,22.151309981564054,-6.928529397680863,2.9671110007550343
Sin842|2003,-2.2580042565520095,22.19846079541591,-6.458181321279868,3.426412680374794
BJ02|2003,-0.35168505900770763,20.262025541697565,-8.77333944645279,3.581183067848043
GZ0402|2004,5.477562339983249,13.197385153549376,-16.420718411245343,6.670886304080756
GZ0401|2004,5.1772019253987684,13.820589742847288,-16.344366508305097,5.595268267532263
PC4_13|2004,5.56203898991352,12.92499073370284,-16.914686024763068,6.6952834385976905
PC4_136|2004,4.74558403310575,13.91471830409139,-16.287237959849033,5.9076703322562585
civet020|2004,3.806368072992867,15.373156999872007,-14.922616852939765,5.03145031269301
HC/GZ/32/03|2003,3.3041237101257757,15.687740314464373,-13.70183063844123,4.516224335534809
Rf4092|2012,2.935725917053822,14.643000164474742,-11.78012594824369,-1.9283902781970754
As6526|2014,2.968485253056313,14.126696721541496,-10.602307508357168,1.9955752486761584
Rs7327|2014,2.156041087596906,15.745245777898425,-8.590587616390572,0.550511202646819
LYRa11|2011,2.5394293888885144,9.158472698969446,-10.280355574518328,0.8625430061440311
bat/Yunnan/RmYN01/2019|2019,-2.781480936533918,17.786981232901553,-2.4891267020596333,-0.35914625888116114
BtKY72|2007,-12.1453329910326,30.479163715819578,-20.61897491366375,-18.94642555889502
