tipNames,x1,x2,x3,x4
WIV1|2012,17.05669741985896,14.315370007892847,-19.92248123713525,1.2531979309933798
Rs3367|2012,16.706095410853163,14.350811820605342,-19.98493203017555,1.3464967644244275
RsSHC014|2011,15.572149094294023,16.63134978351606,-19.22828236428171,2.9256135666862155
Rs4084|2012,11.55182510494782,18.363999635253624,-17.983652713508054,-0.7822760576807547
bat_SL_CoVZXC21|2015,9.034534237108767,21.4059581865296,-11.105564848592843,-5.201603129533112
bat_SL_CoVZC45|2017,11.675995221929037,16.236460047372645,-15.699921728896593,-2.8793223546894993
bat/Yunnan/RaTG13/2013|2013,18.668971319441688,8.762254248143432,-19.92955370607631,5.520162392200326
bat/Yunnan/RmYN02/2019|2019,17.010583221958697,1.131080794803906,-20.499094807886635,5.036831517595122
Wuhan-Hu-1/2019|2019,23.865412088494733,-2.1830762807282333,-26.35058315879514,5.109749441386827
Wuhan/WIV05/2019|2019,24.01582020977316,-2.6005300480249485,-26.544633349132674,4.706648887913139
USA/IL1/2020|2020,22.207580701414052,-0.6078281392718639,-23.94484892215569,3.3302045337577186
Yunnan/IVDC-YN-003/2020|2020,21.928491222232356,-0.5869395945720663,-23.967440790963554,3.332753608802348
Japan/KY-V-029/2020|2020,22.475528898870387,-1.2344467599302076,-24.67457136995201,3.460948406051851
Sweden/01/2020|2020,22.398834390078115,-0.9967080825019243,-24.277795470445575,3.582729016865278
Nepal/61/2020|2020,21.383543959162147,-0.04315309300521572,-23.901956888281653,2.5323660519996904
USA/CA1/2020|2020,21.620445879371577,-0.20536819330983294,-24.01564761793463,2.632550063566985
pangolin/Guangdong/P2S/2019|2019,18.68525760449842,6.741331638953977,-14.237311566242555,-1.6647842744068508
Rs4247|2013,13.612121219357459,12.635739985006678,-22.965744806742983,-1.0124643966369822
Rs4231|2013,14.6195512840548,14.167286719844624,-21.055475960671625,-0.22650142726382405
Rs4081|2012,13.36034690226953,15.679716756444094,-19.935836388560567,-0.38633796629558426
Rs4874|2013,15.8325338498331,13.110886890752598,-23.183063011828672,0.10359030373729411
Rs4255|2013,12.530158619693779,16.629591258283323,-18.970161214356423,-1.782084891577592
Rs9401|2015,12.977911104141535,20.44983211210394,-18.501991282206724,0.33419645599626613
Rs672|2006,10.306823827387609,19.767696650294916,-16.47533782374832,-3.512370780471185
TW6|2003,18.294817255841963,8.761440515455911,-32.20196974360835,2.66081469127161
CUHK_AG03|2003,18.121968434479424,9.01851655871451,-31.82305470645858,2.534525196229944
Sin842|2003,18.48150769967959,8.275547991511516,-32.353388462606254,2.23136913445889
BJ02|2003,17.827342305604176,9.792377054566867,-31.664230035830684,1.4745629251758516
GZ0402|2004,18.584635439163648,8.976477916362601,-32.42935573743969,2.0835310704662207
GZ0401|2004,18.0308453262466,9.193546179561011,-31.939101457496534,2.087071783589632
PC4_13|2004,19.01478962988358,8.890112830214573,-33.117350199431044,3.2773048978273556
PC4_136|2004,17.89855592714313,9.900242659567668,-32.250636740296486,2.1332818091001022
civet020|2004,16.76799633383883,10.483524925993951,-31.858111700280205,0.45925669868773344
HC/GZ/32/03|2003,17.33025640998268,10.327678201520081,-31.519467049681722,1.2207176762100438
Rf4092|2012,18.021906398649406,14.02522481434164,-22.43966646102551,5.454649136132685
As6526|2014,13.199191569364267,17.434814973734742,-19.068714351710046,-1.5578279163424298
Rs7327|2014,10.382156794826534,20.716452837369097,-15.965350364886,-2.6882298381878695
LYRa11|2011,7.686801906063009,23.862080690467437,-9.073402283499183,-1.942263404293802
bat/Yunnan/RmYN01/2019|2019,12.57827815389673,22.928484525766613,-16.294862074213007,1.2578120079827313
BtKY72|2007,-12.34906963585823,26.842394700046412,2.8808119110564405,-28.26509583469594
