tipNames,x1,x2,x3,x4
WIV1|2012,-20.07939009462975,-18.855824939097328,1.3531245126323224,-20.132858170582498
Rs3367|2012,-19.491633510677605,-20.079012374816458,-0.008286168731558838,-20.321273375151673
RsSHC014|2011,-25.008116582758166,-13.379684564059158,5.392923948184662,-22.837214941045787
Rs4084|2012,-22.26083015719422,-16.343779169901342,1.4391899133743984,-22.33371702105638
bat_SL_CoVZXC21|2015,-24.508566093911853,-12.459380758250987,4.933637472041294,-25.689406073554796
bat_SL_CoVZC45|2017,-16.70844938968876,-19.103030098620092,-5.121323135208786,-20.573699744112144
bat/Yunnan/RaTG13/2013|2013,-4.947737330302321,-41.78306537349514,-23.241919525670024,-15.792751047108803
bat/Yunnan/RmYN02/2019|2019,-14.019907458002418,-31.77678475839689,-14.831835976353215,-23.389732217917402
Wuhan-Hu-1/2019|2019,-12.035862004827038,-39.03302442353008,-26.956648514882623,-20.48509519993469
Wuhan/WIV05/2019|2019,-12.218873356250432,-39.00618278474584,-26.987328937434896,-20.581622945262424
USA/IL1/2020|2020,-11.889399297942054,-38.50055791908065,-26.717659408781966,-19.910200896727616
Yunnan/IVDC-YN-003/2020|2020,-12.235748285691578,-38.615270109586035,-26.239450992847416,-20.27199072759599
Japan/KY-V-029/2020|2020,-12.742406450080813,-37.985628112943765,-26.35973826588258,-21.064893800202636
Sweden/01/2020|2020,-13.009600139791878,-38.03385857978639,-25.203696108608536,-21.15153264673918
Nepal/61/2020|2020,-13.208066483577102,-38.268334348786425,-25.994905722412007,-21.49153606305946
USA/CA1/2020|2020,-12.685666268909866,-38.80003711767218,-26.3012587302782,-21.04537775793219
pangolin/Guangdong/P2S/2019|2019,-16.882399136941114,-30.70222894400523,-20.096471735940696,-24.180675292173728
Rs4247|2013,-25.381955894590696,-12.48807092173569,7.661194028037883,-21.56003171769126
Rs4231|2013,-26.188389019564475,-12.372256911423536,4.354439420452742,-24.42113646853747
Rs4081|2012,-24.99640834241851,-13.225628483267116,4.313641982064466,-22.107041223256342
Rs4874|2013,-25.4315726100368,-13.424082365150689,4.729015154638465,-22.314121241538828
Rs4255|2013,-21.81738184467811,-15.753911194175085,3.0505281584951924,-20.495816376982134
Rs9401|2015,-22.98767078899903,-15.111517857349641,2.7177091538902984,-22.003222173450478
Rs672|2006,-24.220804514828767,-11.560154233430415,4.373225668307608,-21.050835858318713
TW6|2003,-23.832599580320426,-14.487214698142061,7.179056705674861,-18.171609468138808
CUHK_AG03|2003,-23.916568507617928,-14.510509882045886,7.299774083119969,-18.22054760927832
Sin842|2003,-23.68738854480846,-14.695677206981742,7.277920235050556,-17.104405764153274
BJ02|2003,-19.98066233316229,-17.39444260198266,2.8607291527891308,-15.868878358334978
GZ0402|2004,-20.774676872450566,-17.230978011177903,1.9628418909743928,-16.822670441144325
GZ0401|2004,-20.80563848811277,-16.166195175105777,2.0286153739475923,-17.337398380234244
PC4_13|2004,-21.595888420793397,-15.105161986150645,3.9379535911596077,-17.56402288486744
PC4_136|2004,-21.157746079227085,-15.745144943036765,3.3724655155639502,-16.97114129332052
civet020|2004,-21.37902417295739,-16.647815994200606,3.7956049130597194,-16.422668100332093
HC/GZ/32/03|2003,-20.880229920996122,-16.658115324220333,2.8229329631717524,-16.597007447514766
Rf4092|2012,-25.38222762547254,-15.44689271293432,2.1187934326333675,-24.918146438232654
As6526|2014,-24.40109353474333,-15.389521973132057,3.6878347329226697,-23.507123882395646
Rs7327|2014,-24.617961154159087,-14.767289485224056,2.404313172919707,-24.338492808268672
LYRa11|2011,-25.653551582393003,-11.99292763109067,1.5702123958550667,-25.63651199498536
bat/Yunnan/RmYN01/2019|2019,-19.311328190776734,-15.384763406664108,-0.9355199248256587,-19.422235830866914
BtKY72|2007,-9.422681757565801,-24.54740672770305,3.3919813433396584,8.608257828755791
