tipNames,x1,x2,x3,x4
WIV1|2012,-30.840848862366208,12.584865076659966,-2.918339286892145,-58.58249736589947
Rs3367|2012,-30.168878109869702,11.88185907935427,-2.797155316382972,-59.053571431084734
RsSHC014|2011,-29.505653967918246,10.4417015535502,-3.607193182787488,-58.15097559630056
Rs4084|2012,-26.670065070596298,8.674080791080746,-7.485763230846945,-55.99295399875017
bat_SL_CoVZXC21|2015,-27.9692482687435,12.608662960665388,-3.466549723877797,-54.29850894689887
bat_SL_CoVZC45|2017,-25.21010467265153,7.335799579555686,-8.930796610616262,-54.62219213416614
bat/Yunnan/RaTG13/2013|2013,-6.289788760767257,-6.499874827534941,-15.006509309581016,-33.90693351441897
bat/Yunnan/RmYN02/2019|2019,-16.98734021277971,-0.721814502081747,-8.254191282264543,-42.921591745484974
Wuhan-Hu-1/2019|2019,-16.635440947990677,-1.5341455325538265,-10.551919825292812,-45.842427265787855
Wuhan/WIV05/2019|2019,-16.751972524673747,-1.4444672640312755,-10.84504917635883,-46.17204625774553
USA/IL1/2020|2020,-16.758215196414117,-1.5090155028491372,-9.819820947489456,-45.49754205596332
Yunnan/IVDC-YN-003/2020|2020,-16.275733473167758,-2.211961471708094,-10.69973100158027,-45.47194133966858
Japan/KY-V-029/2020|2020,-15.367397312474239,-3.148874721356158,-11.948279491080708,-44.33148440849445
Sweden/01/2020|2020,-15.767054616988963,-2.5186890685741234,-11.492809837359953,-45.0897852689753
Nepal/61/2020|2020,-16.393426672076977,-1.958713803812672,-11.250919483888492,-45.56087013439341
USA/CA1/2020|2020,-17.16687753998147,-1.3857650973806341,-10.778197732056162,-45.504229621152454
pangolin/Guangdong/P2S/2019|2019,-50.71901706541526,31.890313607446657,28.294784634112528,-66.31278220391212
Rs4247|2013,-27.87407649483565,9.408320245606863,-4.428502676300603,-57.3765885437536
Rs4231|2013,-28.586776776941107,10.558852087320677,-2.7261724137840666,-56.79740593708746
Rs4081|2012,-26.81367593859655,8.835841956131848,-5.515100652790406,-56.46650252818191
Rs4874|2013,-29.695615213921197,11.46995604841004,-3.5363854484959436,-58.37698431146786
Rs4255|2013,-29.512993664255635,10.228632703748643,-2.9082691363465507,-56.403182145626864
Rs9401|2015,-26.99427942487509,8.155797054570387,-6.377978714965842,-57.40106124400742
Rs672|2006,-30.216944843129596,9.740237699129741,-2.6766804358904634,-58.90223578879401
TW6|2003,-23.835929140325284,3.6696825351753453,-11.287395747865629,-55.07104561753843
CUHK_AG03|2003,-23.97012213910341,3.790303059313169,-10.796262776588442,-54.969434074596364
Sin842|2003,-23.602083163270354,3.8297473748898065,-11.478895722995796,-54.91091872215783
BJ02|2003,-25.14890744218268,5.296934148875177,-9.480355981240029,-56.20625076445784
GZ0402|2004,-24.913526581827856,5.04746723757866,-10.245736486390744,-57.46847575256667
GZ0401|2004,-24.894995834248814,5.1695866592483135,-9.822583245277782,-55.724574730255966
PC4_13|2004,-26.979297611158206,6.122765434646585,-8.591730060391097,-57.058448641122624
PC4_136|2004,-26.04163130459667,4.477302940420064,-10.719997761581059,-56.858605573549234
civet020|2004,-25.94179500071502,5.161997044992744,-10.560456212049896,-57.321132789375035
HC/GZ/32/03|2003,-25.506956542896496,5.044760682760233,-10.120330229664157,-56.70287722033867
Rf4092|2012,-24.89510805348707,8.71977359873055,-6.100216368423929,-52.73978391842017
As6526|2014,-30.022706556338985,12.618690102536464,-3.1011280473667515,-57.80742913894264
Rs7327|2014,-28.119648273847417,9.719181700111523,-4.877324755784865,-56.16720387044504
LYRa11|2011,-27.45636822468943,7.160827137420384,-8.584557099294813,-57.67507042733254
bat/Yunnan/RmYN01/2019|2019,-25.517810725023836,3.161731170565691,-11.506551359262872,-59.177556433461625
BtKY72|2007,-11.399625177328431,-2.557893778224482,-5.721096336003008,-49.10887706091452
