tipNames,x1,x2,x3,x4
WIV1|2012,-21.7112149583794,0.8709035149363353,17.71483271099485,-3.991611477258764
Rs3367|2012,-20.32112428162342,0.1232293574834156,17.58844371659983,-2.2447209135743726
RsSHC014|2011,-17.81308077688295,-3.8946612563029284,11.033526667054788,-3.971408403064022
Rs4084|2012,-17.349854273788782,-3.3972602671712586,12.81157528867084,-2.249196496193639
bat_SL_CoVZXC21|2015,-5.286359081706319,-12.066817399623988,7.790921887674375,9.05742424276857
bat_SL_CoVZC45|2017,-4.751343260882617,-9.271759307564118,6.18817466215325,10.147662378278753
bat/Yunnan/RaTG13/2013|2013,-9.347312922205866,-1.061575891146913,19.86808007498618,9.5380996441905
bat/Yunnan/RmYN02/2019|2019,-17.39460657317324,1.5521634534059077,31.573823717989427,10.398167147097624
Wuhan-Hu-1/2019|2019,-6.762984735180105,-10.479043349012162,17.802034799273176,7.715554844011118
Wuhan/WIV05/2019|2019,-6.736975290633316,-10.555884763083924,18.084820090313467,7.979777830783366
USA/IL1/2020|2020,-8.090400378532003,-8.944181612309666,18.77494647470604,6.953567394572078
Yunnan/IVDC-YN-003/2020|2020,-7.723993104192096,-9.34776035590366,18.68099573272599,7.211894328126248
Japan/KY-V-029/2020|2020,-8.71941551463654,-8.857250418713729,19.36036309693276,6.360385200635406
Sweden/01/2020|2020,-7.276658202466893,-10.311000353185207,17.413202458752142,7.0806837505008735
Nepal/61/2020|2020,-8.300943597170372,-9.286811716334629,19.094842701906984,6.8788857109423045
USA/CA1/2020|2020,-7.641415930936642,-10.130571641930741,18.31093175375797,7.423815295884642
pangolin/Guangdong/P2S/2019|2019,-9.748060587879824,-9.230257012869878,12.983357982579598,10.541453613439833
Rs4247|2013,-19.40195464051777,-0.2594221896504987,15.420272928467346,-3.4029725841739698
Rs4231|2013,-20.78722100319532,-0.7606887612463858,16.234506532325817,-2.0852733887405286
Rs4081|2012,-15.891743716305848,-4.160802330815841,11.912893014713985,-0.6075922410032432
Rs4874|2013,-21.50296458082482,1.2560292268426707,18.200160251470777,-4.350964313667534
Rs4255|2013,-16.551212237033116,-2.7522159172140466,12.948137988355189,-2.077587140239271
Rs9401|2015,-16.2170751622163,-5.493797260301242,10.97860919160291,-0.016123885448395603
Rs672|2006,-22.461724824893636,2.8314101986405587,18.16813230434131,-5.69021647906884
TW6|2003,-26.351080543526074,4.095687128095884,19.76025539404826,-4.972786184894797
CUHK_AG03|2003,-26.46353413861716,4.261405383564757,19.927300599422644,-5.063109998158217
Sin842|2003,-26.64461296678581,4.866675686088005,20.428743502085023,-5.262172892865324
BJ02|2003,-25.437038220752683,3.5716507588753297,17.76062938446562,-6.079358387336681
GZ0402|2004,-29.418228936877647,6.579583131149867,22.928218312169886,-6.429439890226078
GZ0401|2004,-28.326519035934734,5.585543876377095,22.495390841596937,-5.701441545816316
PC4_13|2004,-27.660999291078433,5.1098359459199365,21.221449073606674,-4.723074011334706
PC4_136|2004,-27.73752163608549,5.241093566991662,21.930968332607804,-5.202761755862822
civet020|2004,-27.300208771904316,5.191228367471635,20.82568880358419,-4.074349690465375
HC/GZ/32/03|2003,-27.629146648335826,5.048976490323832,20.70026053198883,-4.982029807392424
Rf4092|2012,-13.897095606319384,-8.455638555265617,9.204300314388473,-0.7460007972800369
As6526|2014,-17.706615981031067,-3.585627791127938,11.249454192037149,-3.400115970563208
Rs7327|2014,-17.94734246122025,-3.7100708641638045,11.823926397069668,-4.132014861881807
LYRa11|2011,-16.9344843538958,-6.263790247383976,10.9024391042775,-2.5656315624031225
bat/Yunnan/RmYN01/2019|2019,-9.25897296702867,-9.822054745511046,3.9269260697433195,5.652079082218158
BtKY72|2007,-18.45813588538518,-10.112002637767219,13.53480640544469,10.674094672358994
