tipNames,x1,x2,x3,x4
WIV1|2012,-51.00750994556262,37.44489707937413,38.245292120378004,-14.792650688195536
Rs3367|2012,-49.90982479714543,36.64179393042506,37.09598838512687,-13.694953945107523
RsSHC014|2011,-46.42367041998816,31.44735051818393,32.81948161193075,-13.658491657283633
Rs4084|2012,-47.8525055016489,34.75342039000168,35.880347952146174,-12.998165556244384
bat_SL_CoVZXC21|2015,-40.997322323701674,25.930727579028993,26.41219106059538,-9.044723816086021
bat_SL_CoVZC45|2017,-47.94128566295753,33.23646696801889,35.81165716217109,-13.113440953464343
bat/Yunnan/RaTG13/2013|2013,-45.12150011027603,30.948222924951637,30.96893575358246,2.68934780699019
bat/Yunnan/RmYN02/2019|2019,-45.55229840488214,27.114670081335476,30.0327130454711,-4.956994085366846
Wuhan-Hu-1/2019|2019,-41.43778258042206,24.000937638872234,23.20155983065579,-1.1634849029691832
Wuhan/WIV05/2019|2019,-41.4426443098903,23.971738640056504,23.064245482974837,-1.0222983680621893
USA/IL1/2020|2020,-41.11815222166813,23.86164457998959,22.620018145567172,-0.6661157812214344
Yunnan/IVDC-YN-003/2020|2020,-41.115782161289395,23.895124777375646,22.703251112311875,-0.7161558330416307
Japan/KY-V-029/2020|2020,-42.035361236561116,24.914882000507777,23.68034836837665,-1.4540158298748558
Sweden/01/2020|2020,-42.66594605358026,25.395989756104584,24.522426461227653,-1.8867690671289654
Nepal/61/2020|2020,-42.43370073645239,24.49811374338555,23.90228519148939,-1.6027464557485858
USA/CA1/2020|2020,-41.27817176517112,24.28240178969399,23.99423798197647,-0.6098193720745626
pangolin/Guangdong/P2S/2019|2019,-62.96918920472127,39.06244271640689,51.174742034701346,-19.347898615924056
Rs4247|2013,-47.7946027427196,34.35071221935419,36.78758218151561,-12.378019773384926
Rs4231|2013,-45.83886861751123,30.299909663442357,34.40370263367969,-13.678882884463862
Rs4081|2012,-47.72084038079843,34.308981208906495,36.331787372749176,-12.467769288595662
Rs4874|2013,-47.91135303043318,34.74254179232502,37.336571073816,-12.159407967136968
Rs4255|2013,-46.53656993077136,32.284312372436375,34.405094426882556,-11.412067506790848
Rs9401|2015,-53.69859805984827,41.95837219577197,41.08643721932876,-18.761153288049226
Rs672|2006,-47.91875665005639,33.40971645444588,38.5574626189144,-13.116889694668897
TW6|2003,-43.50301681408241,33.19268334003993,36.72535796148788,-6.645451513827371
CUHK_AG03|2003,-43.69151757330712,33.34917735364332,37.0763964632527,-6.62534353415269
Sin842|2003,-43.311426857968755,32.99874596393383,36.27671770123896,-5.874342394852181
BJ02|2003,-42.05649590826917,32.8673422957757,35.62394720935057,-5.659649661305741
GZ0402|2004,-41.570161786493486,30.870772644781777,34.23177750862488,-4.941620316548943
GZ0401|2004,-41.574396575031656,31.20406604678173,34.83789846810488,-4.7173415242347225
PC4_13|2004,-44.55902613834057,33.44602209593897,36.95248645228576,-6.895393873156354
PC4_136|2004,-43.43588139386725,32.31307987239904,36.454917641232676,-5.390261811812487
civet020|2004,-42.40790755907965,31.47489652090693,35.112090544196924,-5.085605791681846
HC/GZ/32/03|2003,-41.13298572546748,30.77453007559466,34.17209439936774,-4.4759540264288
Rf4092|2012,-45.209391636505124,31.848471189411534,36.04317173550545,-10.977142021047245
As6526|2014,-47.88526997197221,35.24932214257087,36.674514554536245,-13.401536556629873
Rs7327|2014,-49.081191139754374,36.641193975290555,38.582801130068226,-13.93303407048056
LYRa11|2011,-40.96048472153157,31.345286862270626,33.17259176031165,-6.834365758448502
bat/Yunnan/RmYN01/2019|2019,-46.425976419139246,35.44483893559894,38.59950785692962,-10.602152757419523
BtKY72|2007,-61.276994831302304,55.743914918488024,58.6320581925235,-4.883010884016566
