tipNames,x1,x2,x3,x4
WIV1|2012,30.721720058566387,-39.58375024172876,-15.60550076643635,30.640701598522465
Rs3367|2012,32.1645737674696,-40.43745334928279,-16.241149694790106,31.705748624920293
RsSHC014|2011,29.288426486459922,-36.583822250812894,-9.439442648456758,31.309093737090482
Rs4084|2012,30.184108962008942,-37.35431176455898,-10.48655369343916,30.302363258898485
bat_SL_CoVZXC21|2015,14.121290343280382,-24.76042830026621,1.5955908400975267,19.1760284227293
bat_SL_CoVZC45|2017,25.25696124996823,-33.088421539923594,-8.918604975774658,25.065693723442628
bat/Yunnan/RaTG13/2013|2013,18.866897522431703,-35.427240250345044,-22.35333287340989,14.895244817719654
bat/Yunnan/RmYN02/2019|2019,17.23675879335582,-35.34133715337507,-17.41065005981373,14.64656531351003
Wuhan-Hu-1/2019|2019,17.855729340655977,-35.402997049344954,-24.50005495024194,12.044764212894032
Wuhan/WIV05/2019|2019,17.665081914500966,-35.068589232060674,-24.04541502430167,12.037452304215638
USA/IL1/2020|2020,16.859160997486978,-34.11980668661073,-23.70678947265773,11.37192707501614
Yunnan/IVDC-YN-003/2020|2020,17.613518824013195,-34.76836776761222,-24.22091443823629,11.844701510554808
Japan/KY-V-029/2020|2020,17.458915510855505,-34.50669446567289,-24.026483959285045,11.516560598861902
Sweden/01/2020|2020,17.042712330011817,-33.68706208857954,-23.51640381885872,11.314557786698492
Nepal/61/2020|2020,17.79029276637009,-35.25277883767269,-24.133169153168126,12.079187297812332
USA/CA1/2020|2020,18.378366998939608,-35.57252367898884,-25.0257711910497,12.637862599729655
pangolin/Guangdong/P2S/2019|2019,26.317750462822605,-36.75703026942099,-20.227251601332075,21.425295206287466
Rs4247|2013,31.559361141571003,-38.45692859333899,-14.42256250525385,28.36576932390375
Rs4231|2013,27.911982729991113,-35.79910147234335,-9.194272653915288,28.831563678085622
Rs4081|2012,30.057181703540913,-37.850364192996146,-11.992506165440131,28.80613247444224
Rs4874|2013,31.140821522005787,-37.90634241152345,-12.51152022691019,29.81670068881408
Rs4255|2013,30.832251693492445,-38.86985035210992,-13.201233234405855,29.41533833430827
Rs9401|2015,31.67075021366418,-41.6087701743133,-15.173459597511616,30.435778569515925
Rs672|2006,30.79564099158186,-38.02112209478582,-9.756823752699006,32.11810932626134
TW6|2003,33.68179696838824,-41.3052216929697,-16.921346813577806,29.569657699845482
CUHK_AG03|2003,33.467453612431385,-41.20999588448743,-16.843992778951293,29.294373916436268
Sin842|2003,34.20029869325914,-41.43120263838641,-16.863709320050734,29.56675643152283
BJ02|2003,31.760051710980584,-39.764730439188426,-15.717469957897354,26.57202733099253
GZ0402|2004,35.50513577959963,-44.56098491920842,-18.278882376627,30.146497505337937
GZ0401|2004,32.45885367787346,-41.16215684882027,-15.762852147829928,28.12626139135483
PC4_13|2004,33.66372428808706,-42.649812981773124,-17.596185306004212,29.411611590394436
PC4_136|2004,35.27212020672056,-43.999128935576884,-19.478764203453242,30.23829390395571
civet020|2004,34.88064213238342,-43.70566147516746,-17.801763306393525,30.20391150351086
HC/GZ/32/03|2003,35.265459082467494,-44.26084673120964,-18.620312259936696,30.174205596736673
Rf4092|2012,27.98398694564826,-36.990582384879275,-10.23359743986935,27.28801409930107
As6526|2014,29.71738123589311,-37.59644223525612,-10.720619654744933,31.099670145091466
Rs7327|2014,29.11232628053022,-37.56734668173527,-9.85448131084031,29.52786943003861
LYRa11|2011,30.51922513464469,-35.79321001705037,-7.900829325458289,27.941744754111603
bat/Yunnan/RmYN01/2019|2019,33.44295174850933,-42.89608677789104,-15.84496768555647,29.47844435328911
BtKY72|2007,15.098987470687954,-34.51647201940476,-7.262996947498476,12.744510773019021
