tipNames,x1,x2,x3,x4
WIV1|2012,-37.16257643173173,31.61117631126259,39.64211615749049,0.036545196816720665
Rs3367|2012,-38.358739892355686,33.42615412904998,41.43239786657239,0.00215046342073146
RsSHC014|2011,-38.4732346870706,33.838968792856974,39.746534814308056,-0.09280685872107394
Rs4084|2012,-37.50469884184351,32.919197734733174,39.08731950440066,0.8758295538329401
bat_SL_CoVZXC21|2015,-44.77723219390252,36.87636417077686,49.385696110365615,-5.181441689993256
bat_SL_CoVZC45|2017,-38.03709650618396,32.35743190523391,37.74302529481768,-1.685413345874541
bat/Yunnan/RaTG13/2013|2013,-20.185291116132838,20.107952515868938,33.898640130345576,16.930134914228965
bat/Yunnan/RmYN02/2019|2019,-19.623102111447967,11.91934386406427,26.69837489079419,16.325121208166085
Wuhan-Hu-1/2019|2019,-19.601355293507186,18.284727993432448,35.809463731510284,17.42142258819669
Wuhan/WIV05/2019|2019,-20.016132310249752,18.800147354739142,35.64111019120013,16.862527784809227
USA/IL1/2020|2020,-19.0526763433528,18.254744184558337,35.19607657588492,16.80275770790642
Yunnan/IVDC-YN-003/2020|2020,-18.956172041744484,18.117918134576247,34.73027218515255,16.881155302657934
Japan/KY-V-029/2020|2020,-20.29353516299507,18.937879801202932,35.831851228136486,15.43728904154233
Sweden/01/2020|2020,-19.54689319068493,18.16398370684742,34.37026803997981,16.42334034422389
Nepal/61/2020|2020,-18.916065313220923,17.879098273226237,34.4267584485042,17.073409319158518
USA/CA1/2020|2020,-19.18973586242673,17.991902620099523,34.30290300347765,16.724453084738638
pangolin/Guangdong/P2S/2019|2019,-46.03902817388968,44.28540047897603,52.14376978018635,-3.8875840551208816
Rs4247|2013,-35.14669056365238,30.04702022599458,36.182844050176534,0.755400336145805
Rs4231|2013,-31.901711650053215,28.71137259876362,33.61835992005848,3.447424501737027
Rs4081|2012,-34.781845925554336,29.573063966085723,34.70235959332797,1.41534068564009
Rs4874|2013,-36.54220575402081,31.22057772980037,36.07905143651248,0.9201047753641167
Rs4255|2013,-37.827977919277316,32.170781760428625,39.401724458002604,-0.34880646402905824
Rs9401|2015,-43.88339459092815,36.90851132262594,46.54052933355633,1.1186492478184833
Rs672|2006,-37.084633451149855,30.71014465221252,34.86825925972063,1.3408782504735637
TW6|2003,-35.80112666742795,27.851616032962788,34.19756284795011,-0.11333279683476288
CUHK_AG03|2003,-35.936877606732516,28.130295565839006,34.406267757268004,-0.1826415833004123
Sin842|2003,-35.14785511607939,27.586633730315235,34.05755307621238,0.5197832152620447
BJ02|2003,-34.760772161536536,26.92119464844688,32.27754251143036,-0.3100667732996558
GZ0402|2004,-35.28467001240159,28.7174210867741,33.35155516016586,-0.5888266265040303
GZ0401|2004,-34.76983233951324,28.60127155717799,33.30174007350285,-0.5659439605379191
PC4_13|2004,-33.455510864597564,27.204688858427044,30.548179099341862,0.27619789632440617
PC4_136|2004,-34.07501582154559,28.764105747833778,32.61358598864826,1.4918326087819582
civet020|2004,-34.582926016272935,28.575292752769364,32.60809205571802,1.1681510428997586
HC/GZ/32/03|2003,-34.74698980296289,28.234059009737713,32.767775749506434,1.1050908938888335
Rf4092|2012,-32.92851104967227,28.40747807795693,30.21163834195952,1.1989433551748507
As6526|2014,-36.522473591449625,32.28287752362662,37.924834433862216,-0.1432873719846488
Rs7327|2014,-37.18662847043074,33.03732122371071,38.68158388190329,0.5660019522510538
LYRa11|2011,-45.340599567626036,31.90686700861273,46.06615595335263,-8.274393826194439
bat/Yunnan/RmYN01/2019|2019,-37.92297145403185,31.40412690385116,40.366592918334035,0.1320334573981533
BtKY72|2007,-33.46419636832058,40.17632441034811,51.64119466575871,9.444076109386426
