tipNames,x1,x2,x3,x4
WIV1|2012,-93.27626070109523,99.89966876907071,111.80790605205355,-69.92431046402682
Rs3367|2012,-91.12749487346625,98.0555498804407,109.19322859313303,-69.66080313197396
RsSHC014|2011,-90.09175462190771,95.67058935664157,107.82485312899605,-69.00249318458862
Rs4084|2012,-88.65009759183769,95.49399389628468,106.63633789291057,-67.07131432949247
bat_SL_CoVZXC21|2015,-93.6544162765293,101.11119643007308,104.99294880570282,-71.1198105402035
bat_SL_CoVZC45|2017,-89.62013191283035,99.09076385462726,98.36820276134817,-72.17267188510375
bat/Yunnan/RaTG13/2013|2013,-113.12176921907454,121.77350749961919,127.6917187099147,-77.54924270077225
bat/Yunnan/RmYN02/2019|2019,-113.97976589460741,119.21828567592866,126.65622456997693,-75.68385933049876
Wuhan-Hu-1/2019|2019,-120.8589018928818,127.2304054553008,136.336550165641,-81.94841039959506
Wuhan/WIV05/2019|2019,-120.54738042828352,126.94652906356983,136.01654470064815,-81.91852178940789
USA/IL1/2020|2020,-120.11440688400064,127.12363850579978,136.1771137935132,-80.8036516356599
Yunnan/IVDC-YN-003/2020|2020,-119.88391962234896,126.97885685076184,135.94526724014133,-80.61512864184324
Japan/KY-V-029/2020|2020,-120.6550161468661,127.51624288964406,136.54899664029156,-81.06386168835618
Sweden/01/2020|2020,-120.6535856314239,127.59108079791802,136.5967570948029,-81.11377174641106
Nepal/61/2020|2020,-120.28121494815511,127.51934809338411,136.4150132054082,-81.38402666195024
USA/CA1/2020|2020,-120.23146624486075,127.59966909712718,136.13924383746746,-81.49810955038477
pangolin/Guangdong/P2S/2019|2019,-121.323782772876,126.25078580366592,136.82220794168632,-85.58359661758524
Rs4247|2013,-91.94724389903047,98.40290582501231,108.10242875895923,-70.27676997112438
Rs4231|2013,-89.94854656514032,97.59658413516107,106.94377665227374,-69.73189422295434
Rs4081|2012,-89.97849244768543,96.8700776039779,107.03049466672283,-69.94796682983983
Rs4874|2013,-90.41579697566787,97.05085402934711,105.73758998714403,-70.44771249162082
Rs4255|2013,-91.35339966083873,97.47669201484504,107.01228021993441,-71.1523698456605
Rs9401|2015,-85.80584606679396,92.14269842352898,108.67521832456637,-63.11435707705536
Rs672|2006,-85.27787809213278,94.12685753308322,104.07651260428165,-65.96933362804194
TW6|2003,-92.10752254973784,98.14220933403891,107.89457217372293,-67.26888478544302
CUHK_AG03|2003,-92.13631596522318,98.30000213527772,107.86167176828957,-67.22037707951631
Sin842|2003,-91.79857789675218,97.79582418759387,107.40254110048751,-67.31515608382377
BJ02|2003,-91.96569686449877,98.8728329954598,107.08366238855032,-67.20385569863974
GZ0402|2004,-93.70057195099915,97.19760620917974,106.2277236173931,-69.96802952412308
GZ0401|2004,-95.27549384223954,99.84824975853124,108.94023488897521,-72.06078368528715
PC4_13|2004,-94.57103198909587,98.83335196595033,108.39732151497721,-70.56575054161716
PC4_136|2004,-93.2402471754078,97.55926021953918,106.4342183221687,-69.94429450600416
civet020|2004,-94.75540931000253,99.0283780475768,108.02538045878416,-70.83269414486458
HC/GZ/32/03|2003,-94.00318850100575,97.9727143688495,106.84849098503521,-70.24507237313428
Rf4092|2012,-79.84854164662737,85.43305434466669,94.6707930556988,-61.606531495526596
As6526|2014,-87.42057991584635,94.05314397166704,104.4477097956247,-68.73223735670351
Rs7327|2014,-87.63907463464255,94.4409046776175,105.27448588754781,-67.85678454191358
LYRa11|2011,-79.02316798438945,88.00851606514176,95.18731152938464,-60.25955527713655
bat/Yunnan/RmYN01/2019|2019,-82.41929662959097,91.53415395334672,103.44519169880726,-61.16215340379429
BtKY72|2007,-104.8848609856807,98.92224648906975,110.25777816782747,-92.47965698542617
