tipNames,x1,x2,x3,x4
WIV1|2012,-10.351560399684766,-2.748680437895952,1.8416552113904987,-10.582576195016483
Rs3367|2012,-11.77859518880616,-1.2734678991236772,3.506877869976831,-11.557220432734635
RsSHC014|2011,-10.57475327791256,-2.9955803002206105,2.7852599929515343,-11.608400649728265
Rs4084|2012,-10.932100290070279,-1.379672645665588,4.730963020653972,-10.099046151792592
bat_SL_CoVZXC21|2015,-14.600671981395767,1.4927134556052226,2.52431501634588,-14.296591066770466
bat_SL_CoVZC45|2017,-12.176258828625244,-1.3090465509114153,-1.2410650864790755,-13.221767224364113
bat/Yunnan/RaTG13/2013|2013,7.34127566812087,-18.256611266345192,-14.372938139544154,1.8958982796624264
bat/Yunnan/RmYN02/2019|2019,1.6269526246932369,-11.498532868748057,-10.70688364572904,-3.613302926428008
Wuhan-Hu-1/2019|2019,0.12286516171702763,-14.037716824583509,-14.763780222450352,-2.190556624158111
Wuhan/WIV05/2019|2019,0.4039388258586298,-14.28120707883407,-15.180522600040659,-1.912016050934059
USA/IL1/2020|2020,0.09137607284053617,-13.939706217969139,-14.975327172302501,-3.3741587089452683
Yunnan/IVDC-YN-003/2020|2020,-0.5078206220837751,-13.265600641562921,-14.265725405240387,-3.7206274152060095
Japan/KY-V-029/2020|2020,-0.4385993343345716,-13.55922904606167,-14.475450024279876,-3.0823762528512884
Sweden/01/2020|2020,-0.2904279596418184,-13.551364448295883,-14.279766019536767,-2.98059877412596
Nepal/61/2020|2020,-0.57887348514502,-13.099107647689143,-13.532923756062303,-3.02668863169731
USA/CA1/2020|2020,-0.9539239796350647,-12.34403751940761,-13.011126112991017,-2.981983413732696
pangolin/Guangdong/P2S/2019|2019,-7.240893796214802,-3.3926818576111466,5.068445728626407,-2.7241074163108268
Rs4247|2013,-13.831397170794238,1.6973733596017733,6.116015120076718,-10.918268823926466
Rs4231|2013,-10.664710071234843,-2.4591662199967557,2.420526598159352,-10.17940284579697
Rs4081|2012,-13.754759398624033,0.6355673177583867,5.721580633529449,-12.000414327014363
Rs4874|2013,-9.583982943261335,-2.634974693608663,1.0148407122355172,-9.272976351281628
Rs4255|2013,-12.631831601981126,0.714227493222469,4.772562162138793,-11.024966648040948
Rs9401|2015,-10.914818951601386,-2.22297691149739,1.4727694624303733,-11.744129891746013
Rs672|2006,-14.407016641413376,1.500366737645673,6.684426918892491,-15.847357119890521
TW6|2003,-4.919065564177279,-8.619370195549513,-3.9596564848706817,-10.144977450341585
CUHK_AG03|2003,-5.078426322503804,-8.367737819187123,-3.8234360165612644,-10.29334294253196
Sin842|2003,-5.4855637867081475,-8.162305908493671,-3.876738018901405,-10.694349456729904
BJ02|2003,-6.305804143296877,-7.886604344759635,-3.6843291183098024,-11.14062839353977
GZ0402|2004,-8.65807445398913,-5.166112132896767,-1.9712497106183893,-12.480718299463069
GZ0401|2004,-6.925222615576759,-7.724544883864001,-4.263225142579772,-11.349697809741674
PC4_13|2004,-8.277769977570388,-4.866847486947915,-1.1210851036743095,-11.970933467144059
PC4_136|2004,-9.031991288017714,-5.011465798162537,-0.18166927594025495,-12.227405198220563
civet020|2004,-7.271905931153793,-6.232988143784149,-3.1991592303149585,-10.748407144301082
HC/GZ/32/03|2003,-7.530171076204818,-5.905927060539035,-3.055713412261014,-11.670226160884326
Rf4092|2012,-7.6420797445338575,-4.589819025271325,0.6204961666191477,-9.101551578064026
As6526|2014,-10.423174646131377,-3.0717975659610675,1.6195021706565929,-10.08422553950456
Rs7327|2014,-12.135721367312211,0.284462806444157,5.361939884242507,-11.395056065341281
LYRa11|2011,-17.22491420466827,7.611422808909902,11.88861346985573,-19.477678083466312
bat/Yunnan/RmYN01/2019|2019,-11.848250596972708,2.2847535749130334,4.401584597595863,-15.264307562105753
BtKY72|2007,-7.711723032356469,6.035354238112724,20.752130871954282,-4.477183004396604
