tipNames,x1,x2,x3,x4
WIV1|2012,-27.076761358744935,6.008266157323222,23.264634306358833,-13.394816654969578
Rs3367|2012,-27.405594294965997,5.234228324321711,23.464442722165128,-13.052007896426796
RsSHC014|2011,-27.04386478799551,4.378169590859028,24.04365945945101,-13.021119427404729
Rs4084|2012,-29.02699196666002,7.219562265215766,27.355453288050782,-15.611885748687396
bat_SL_CoVZXC21|2015,-28.798535130476616,8.686492219895554,31.847405990410287,-9.829520358752852
bat_SL_CoVZC45|2017,-22.99146390944095,7.324750712055293,28.096754136484368,-7.660295187107769
bat/Yunnan/RaTG13/2013|2013,-27.0793172643381,10.34163325772005,30.081284188036534,-16.480263217988952
bat/Yunnan/RmYN02/2019|2019,-26.951410361362424,11.02898619149909,32.077342671013234,-10.89173704358742
Wuhan-Hu-1/2019|2019,-29.175962574019426,14.975589465243766,36.9154644669553,-14.813866063765094
Wuhan/WIV05/2019|2019,-29.270992091900318,15.168319036560053,37.291617569699476,-14.782127469476059
USA/IL1/2020|2020,-28.44852919358432,14.335845872490772,35.86594331636498,-14.005413489936306
Yunnan/IVDC-YN-003/2020|2020,-28.4771383633559,14.08576167965203,35.73734378651058,-14.161963197436545
Japan/KY-V-029/2020|2020,-27.976572810379267,13.399003247378776,35.52498808362017,-13.778492645927615
Sweden/01/2020|2020,-28.25738814894312,13.207961258645351,35.068997931670054,-13.825830627031955
Nepal/61/2020|2020,-29.774891466717225,14.983158926484215,36.58388152816934,-14.870725621999927
USA/CA1/2020|2020,-28.807775782676707,14.121405668969814,35.463401445717,-14.271924027236894
pangolin/Guangdong/P2S/2019|2019,-22.049426520440335,-4.451805171928313,19.81749200544493,-9.83082115929903
Rs4247|2013,-29.504854509651434,5.863058250359713,24.54156450131765,-14.690610791203623
Rs4231|2013,-23.245779225474365,-0.6295885098547624,17.336647156802037,-12.3113867673862
Rs4081|2012,-29.24137404055877,6.697797056355615,24.6104169228314,-15.249096192237223
Rs4874|2013,-30.764831769567166,7.261335815547129,27.563815651216192,-15.658434015299338
Rs4255|2013,-28.2356713762056,5.691724176273843,23.94935211064877,-14.732558070190127
Rs9401|2015,-28.01730784308917,4.296007489532321,18.59724937501501,-12.757826605421778
Rs672|2006,-30.056131080762334,9.41374560254855,26.657325488080573,-18.591748609176598
TW6|2003,-29.38503655124096,11.478260733431014,29.000911601420732,-14.996123536345193
CUHK_AG03|2003,-29.35660882917554,11.581728881132843,28.9845463914954,-14.974609099428058
Sin842|2003,-29.368434532795796,10.745722195340187,28.32465515746323,-14.966309858655967
BJ02|2003,-30.69817776567969,12.83830540793608,30.190707729253855,-15.100729911405358
GZ0402|2004,-31.26286534871024,14.312950318760176,30.656246943435107,-14.841306498069178
GZ0401|2004,-28.753854880922948,11.168003978517795,28.344540717311425,-13.518564795369588
PC4_13|2004,-31.295300007062103,13.017571329065097,30.572502653387033,-14.715570001922357
PC4_136|2004,-30.773377135952327,13.346627641952386,30.693601525710694,-14.726430764788887
civet020|2004,-28.077752051402793,11.27511036716831,27.451852361989783,-13.325142877363055
HC/GZ/32/03|2003,-29.997241896928493,12.967082381173835,29.50475747278919,-14.301344285020352
Rf4092|2012,-27.592877905748843,5.64135146084484,23.671376295840265,-14.137876793707031
As6526|2014,-27.31501642947704,5.086909947125168,25.44831327132178,-13.97407894309254
Rs7327|2014,-30.58141473907168,8.376070175295984,27.4031574749645,-16.89560419503417
LYRa11|2011,-23.20068085061893,1.4297643901864454,23.706852284239847,1.879539432366773
bat/Yunnan/RmYN01/2019|2019,-30.18962606700023,5.827809102393813,26.362313459091816,-12.444050981224876
BtKY72|2007,-25.368754207234808,9.417467781449755,25.62305710188491,12.384443576925397
