tipNames,x1,x2,x3,x4
WIV1|2012,-17.27870771647098,7.693277534252732,-2.83230651093665,-32.41645232718844
Rs3367|2012,-18.110613940368548,7.014842669562395,-1.4584906067303147,-32.45212255877864
RsSHC014|2011,-19.10269604254692,9.56451374509302,2.6678846537526244,-32.72016175381575
Rs4084|2012,-16.50222281995529,6.296773828726008,0.8678935010617714,-31.748232206196857
bat_SL_CoVZXC21|2015,-17.81163644593583,8.786593826589142,-0.04847701448276631,-33.459496424768346
bat_SL_CoVZC45|2017,-15.95253147128188,5.318893140969256,-2.796209033735331,-31.744176771706524
bat/Yunnan/RaTG13/2013|2013,-6.006767834645208,-4.365890882353363,-15.268579558750325,-24.826171003455396
bat/Yunnan/RmYN02/2019|2019,-20.10943166241928,3.9482886157930808,7.979869014996828,-30.517900462051312
Wuhan-Hu-1/2019|2019,-16.85909308656133,2.183351612472821,-2.6730012727890475,-27.157068265341735
Wuhan/WIV05/2019|2019,-17.45000218106638,2.5688050350221525,-1.8525784731583117,-27.172469132153758
USA/IL1/2020|2020,-17.14134764550908,2.83160882078831,-1.1761354593024098,-26.68298409033668
Yunnan/IVDC-YN-003/2020|2020,-17.01031440430388,2.799191950645164,-1.3021781038271074,-26.809601460549022
Japan/KY-V-029/2020|2020,-16.72491094040247,1.9984125116498197,-2.12419441430665,-26.639036932254903
Sweden/01/2020|2020,-16.25808221379225,1.954528923269121,-2.945478997289912,-26.873967541489105
Nepal/61/2020|2020,-16.660517276169415,2.0717591710084102,-2.178441941898683,-26.96777396679649
USA/CA1/2020|2020,-17.159415270890197,2.8631952998545396,-1.6079819425301523,-26.940351539355568
pangolin/Guangdong/P2S/2019|2019,9.323360945969723,-5.340968805904784,-23.80995980290215,-17.02804693042848
Rs4247|2013,-22.899606156655157,11.681669928965686,3.8553120429439884,-35.19166266160901
Rs4231|2013,-19.525063384016672,7.262308186045258,1.5793043356722807,-32.262462551159246
Rs4081|2012,-19.384893667062016,7.741525749135416,0.7054263894909594,-33.783927653126334
Rs4874|2013,-20.617658976328944,8.910946462112898,0.2387186985675389,-34.00309179677567
Rs4255|2013,-20.00286276800081,8.023230128281257,-0.5280763530591835,-34.208908092044666
Rs9401|2015,-11.645811434388563,2.02250270276246,-7.112394504015099,-33.326526687358964
Rs672|2006,-21.3812325175055,10.190315029120399,4.209016249173554,-32.93987938544333
TW6|2003,-28.752981475606052,22.259842302857734,13.014334747241753,-37.383999873813664
CUHK_AG03|2003,-28.772715426540742,22.354606596475087,13.156655606545948,-37.37035899164525
Sin842|2003,-28.745553060747604,22.061905623465865,12.593126812319516,-37.5658248881894
BJ02|2003,-28.66547569680548,22.05556816858504,11.920397190837015,-38.1534529647227
GZ0402|2004,-30.270394482613636,24.548480191399953,13.807085767099133,-36.86321470319354
GZ0401|2004,-31.402603365546828,24.880307594000502,15.100849591799593,-38.23255460842282
PC4_13|2004,-29.988117849149166,23.52666466698314,14.422951604022582,-37.150031275124256
PC4_136|2004,-29.027658972740873,23.205060630152982,12.371156930756563,-36.9072591267482
civet020|2004,-27.85611276517914,21.658385096959538,10.501735739387188,-36.261433222958246
HC/GZ/32/03|2003,-28.95403250671955,22.777401135668377,12.58341327522823,-36.694080837487284
Rf4092|2012,-18.111234851236425,6.545077682075885,4.6852628367769755,-31.95964954140459
As6526|2014,-18.860900658561096,9.222644749665845,1.8725728050092376,-30.89320492447884
Rs7327|2014,-18.805246981123975,9.835000158728757,3.979581243728931,-32.62298781827449
LYRa11|2011,-29.820936186740393,15.962115458770878,13.031706137847442,-41.01110399986392
bat/Yunnan/RmYN01/2019|2019,-21.15985133670464,9.529035268898815,5.436224346117594,-31.73060980258397
BtKY72|2007,-25.16425504150022,6.42453618891736,13.007669972173442,-40.622039387485856
