tipNames,x1,x2,x3,x4
WIV1|2012,-66.12937915410669,58.34345064557076,95.31298627750361,-19.02342108834956
Rs3367|2012,-65.61479310808707,57.81343408370416,94.01103328824755,-18.557245303929538
RsSHC014|2011,-71.4810132799634,62.99607829124607,98.16419770938738,-22.15361917899086
Rs4084|2012,-71.79720784972798,64.05004637508438,99.44899870835467,-22.705433547845068
bat_SL_CoVZXC21|2015,-62.790213216944174,57.173947248451285,92.20527490247699,-16.847707774194497
bat_SL_CoVZC45|2017,-65.7193837686259,58.981420887782626,95.8821515159746,-18.067989133870572
bat/Yunnan/RaTG13/2013|2013,-48.69859751874777,44.9489891010965,77.84750798741182,-23.430149372942267
bat/Yunnan/RmYN02/2019|2019,-39.456436778352234,39.2625852961497,74.8324194650601,-12.074850733842766
Wuhan-Hu-1/2019|2019,-42.512606865980565,42.75186625187205,75.34119558663271,-14.655303430386962
Wuhan/WIV05/2019|2019,-42.095496404786154,42.26749399629143,74.77075526445356,-14.691391412830308
USA/IL1/2020|2020,-42.64012045843052,42.99422986163172,75.6495726915801,-14.13675769922082
Yunnan/IVDC-YN-003/2020|2020,-42.388301967285194,42.78191827645331,75.36228967075212,-14.16635539687528
Japan/KY-V-029/2020|2020,-42.57305023005614,43.37646128189408,75.55256204655339,-14.32214191496316
Sweden/01/2020|2020,-43.548956081315275,44.27121950461225,76.46408470721283,-14.757546403084536
Nepal/61/2020|2020,-43.410382911950315,43.748848096249986,76.65173636807067,-14.618337509268692
USA/CA1/2020|2020,-43.07250789919981,44.0893773472643,76.2277523286412,-14.194908211983513
pangolin/Guangdong/P2S/2019|2019,-54.65321754176609,47.509145917260696,85.1074823348921,-17.793635354508307
Rs4247|2013,-68.90183090940371,61.483752977491626,95.1473978523012,-19.718796544801776
Rs4231|2013,-68.69354085419859,62.35312107789601,96.04764411575154,-20.82331313849814
Rs4081|2012,-69.55294864936792,62.42801221082,97.05318268939214,-20.295010936590877
Rs4874|2013,-69.47897604229262,62.887411789688805,96.63736572794454,-20.336716273933916
Rs4255|2013,-68.33098081249634,59.9607118570836,95.36965744604584,-19.38764796257781
Rs9401|2015,-68.60642469983004,60.6449491799712,95.20618944824703,-19.275514090067855
Rs672|2006,-68.78734920101954,61.528661734766416,96.50719926944205,-22.099897976264003
TW6|2003,-68.26771863138634,61.42634322381559,91.36274087706842,-22.2741009895525
CUHK_AG03|2003,-68.87531336353504,62.01578547314666,92.0097644990785,-22.491256118406152
Sin842|2003,-68.22986853643756,60.832547831193914,90.62389641840967,-22.68277388420649
BJ02|2003,-68.47683277444925,61.97616039222377,91.67195042929637,-21.367774941627946
GZ0402|2004,-67.37534445698182,61.45021474178127,91.22003888624752,-20.069845585798568
GZ0401|2004,-66.94314593376929,60.04902052141639,90.7050968906934,-19.096742140102947
PC4_13|2004,-67.32267857841964,60.671630417755395,91.91398426617089,-20.19458053178057
PC4_136|2004,-66.74527463607735,60.55449415914429,91.06356147331132,-19.60962680713006
civet020|2004,-69.09482396025533,62.02200563846649,93.93343122550404,-21.089341143662608
HC/GZ/32/03|2003,-67.25529937080964,61.1256473852347,91.74762010372882,-20.761835857800683
Rf4092|2012,-72.9783316303399,64.80243139746648,101.25744797651495,-22.278252313424865
As6526|2014,-66.55030243669825,59.74546484944892,94.97213879722639,-18.227889945964954
Rs7327|2014,-67.17158777758779,61.229340972682266,94.94861572614992,-19.119470634518848
LYRa11|2011,-61.598568167795605,56.35077557327634,87.02231613560791,-14.734373347174294
bat/Yunnan/RmYN01/2019|2019,-67.19626642658113,61.70299234642875,95.32548571438457,-17.358088424346224
BtKY72|2007,-37.11350773582522,35.87894216406515,69.78819827994042,-3.239026175360686
