tipNames,x1,x2,x3,x4
WIV1|2012,20.055202513533548,13.392128636632556,-6.857260825550989,36.37319660303694
Rs3367|2012,19.56997675906551,13.78103890497934,-6.123032526005189,36.39006862962164
RsSHC014|2011,21.344884996171885,12.414951948786992,-8.908534253248543,36.901562698711
Rs4084|2012,18.955954762351052,14.330128940273404,-7.059765876961576,35.289273164380255
bat_SL_CoVZXC21|2015,19.60194262021493,10.902464574359207,-9.567014897955865,37.325869260780365
bat_SL_CoVZC45|2017,20.56878322597927,10.605395193250047,-9.500610010616985,34.95744637699466
bat/Yunnan/RaTG13/2013|2013,39.420439654829806,1.5010106550696243,-27.183127681384917,44.83019285387576
bat/Yunnan/RmYN02/2019|2019,29.633787825968014,10.80981262015628,-20.684778850842292,41.04199382287614
Wuhan-Hu-1/2019|2019,29.79339767768438,13.353735288951999,-18.334117327646297,40.22145331868299
Wuhan/WIV05/2019|2019,29.57226403481798,13.528193928324955,-18.38003188987249,40.14957117757098
USA/IL1/2020|2020,28.2106421431756,14.224070693209814,-17.49778715127944,38.90427577338395
Yunnan/IVDC-YN-003/2020|2020,27.861245587313228,14.896810857131364,-16.702076366991605,38.87264184797641
Japan/KY-V-029/2020|2020,27.443699153316437,15.129379779481692,-16.445098222875327,38.160801076168084
Sweden/01/2020|2020,28.052293956346528,14.704420448665047,-16.660348054432028,39.21455105490918
Nepal/61/2020|2020,28.86565992256096,13.650492800920404,-16.97035861417098,40.328725964265566
USA/CA1/2020|2020,27.840005646294404,14.370767319802347,-16.29127930936099,40.030366332891504
pangolin/Guangdong/P2S/2019|2019,10.893880153866709,22.891428970289162,7.51368802779079,26.71868020110804
Rs4247|2013,21.023720361550218,13.676526454064525,-7.487980777372887,38.43513569603039
Rs4231|2013,17.73885241648917,14.23505232375263,-6.816037889024771,36.43397059210374
Rs4081|2012,18.71173910563755,15.504170904814302,-3.786130229694087,37.51867920581288
Rs4874|2013,17.53075507697739,16.512626899842587,-3.1347667357348783,36.128790002035345
Rs4255|2013,18.6857455949054,16.112588448095767,-4.262893010798969,38.63901415852795
Rs9401|2015,21.131020071868146,11.405149044172187,-11.878909532691551,35.358178943400645
Rs672|2006,20.936119449747483,11.040605000255228,-6.294261287340088,39.8256818133928
TW6|2003,21.935300501992646,10.709762189987975,-13.977330843267,37.38566257666981
CUHK_AG03|2003,22.223068456928896,10.593533579182102,-14.04077757255348,37.58657246429851
Sin842|2003,21.245487222769455,11.330643004823912,-13.050753459752105,37.05503184154048
BJ02|2003,21.440626189226464,10.556604877201973,-12.398915835973146,37.92449238283761
GZ0402|2004,20.09865948445672,12.782877310983938,-10.560624379423285,38.142376552876044
GZ0401|2004,19.70013969805647,12.809242097794078,-9.679303324297948,37.66780590839192
PC4_13|2004,22.634257420598463,10.305140914196716,-12.702655005355531,38.72684408281922
PC4_136|2004,18.957368216264722,13.55787025665788,-8.928187119530167,36.300835418834794
civet020|2004,21.44145379665727,11.659015982613123,-11.43198782710136,37.88680895665107
HC/GZ/32/03|2003,20.093214421747703,12.807977987759804,-10.70702836496659,36.63376420795486
Rf4092|2012,21.621055518702295,13.914768114270382,-7.639066176823661,39.369907727344476
As6526|2014,17.18616127475795,14.944608582213586,-4.196775304314467,34.352572747396096
Rs7327|2014,19.334066697086907,13.741814238806231,-6.188847519541416,36.26946298148194
LYRa11|2011,12.381404302531758,14.604923081778612,-2.4071148873151973,30.80837046816663
bat/Yunnan/RmYN01/2019|2019,12.543319745310376,17.895245834910792,-0.3201404834219417,30.25387037883906
BtKY72|2007,2.5027321230176884,26.877932959496636,11.13915958902302,35.29631542893004
