tipNames,x1,x2,x3,x4
WIV1|2012,-38.65120827052588,73.54533510898035,59.10835907422655,-22.130851157022786
Rs3367|2012,-38.52682027300176,73.77627631464716,58.97404555801179,-21.786691431553603
RsSHC014|2011,-40.91930102442101,74.55904068336991,58.464089286216044,-22.037316082248978
Rs4084|2012,-42.154983049297364,74.59854586576988,59.15293403698714,-23.314399672740482
bat_SL_CoVZXC21|2015,-32.301960570787074,62.4179971630545,51.53329939325728,-20.843137556540345
bat_SL_CoVZC45|2017,-34.60774434870501,64.3808213387976,54.22811062157049,-23.257734792344923
bat/Yunnan/RaTG13/2013|2013,-34.137974579402496,60.54560635375182,47.49347270763251,-23.505172037470086
bat/Yunnan/RmYN02/2019|2019,-23.102983608752034,49.8596485656668,39.199052923470695,-14.920147815046748
Wuhan-Hu-1/2019|2019,-31.209802620822767,57.95157937831217,51.33779568334821,-19.188627621448965
Wuhan/WIV05/2019|2019,-31.68054483211864,58.13779436623945,51.67616783331363,-19.31112374674233
USA/IL1/2020|2020,-30.535201978158636,56.8523867923664,49.917990789954175,-18.892654315730987
Yunnan/IVDC-YN-003/2020|2020,-31.351919675813395,57.811982198723705,51.07477482959413,-19.37378329889952
Japan/KY-V-029/2020|2020,-30.52293082509058,57.14978591842765,50.083902801915,-18.991465955200116
Sweden/01/2020|2020,-31.77015164024511,58.63928012701242,51.10755543847653,-19.414332745225952
Nepal/61/2020|2020,-30.868605982366326,57.55954711800375,50.58059711895462,-19.26684466748196
USA/CA1/2020|2020,-31.198626818424657,57.28423132039687,50.103987795370685,-19.442318481073006
pangolin/Guangdong/P2S/2019|2019,-46.71783067890539,73.39700342775303,78.6391082934147,-22.31646187682642
Rs4247|2013,-42.314771979669864,76.39104208680494,60.36767459590756,-22.922939243987024
Rs4231|2013,-45.678646975396816,78.63994406523922,65.19171082560888,-22.20480285899551
Rs4081|2012,-40.44616267954207,74.99642033970363,58.43488145336599,-20.839658758205907
Rs4874|2013,-42.225518437683135,75.5338541202727,61.80959098009461,-21.38446410488556
Rs4255|2013,-40.70706934257771,73.16712691067042,58.90716452368636,-23.42153308407704
Rs9401|2015,-44.779868275616,73.83407990099887,59.609052257557984,-27.528106314181187
Rs672|2006,-38.79068051615445,70.52767197459546,55.12522553624691,-20.69838109854414
TW6|2003,-45.2827327380749,81.78214421944942,64.92070095023983,-27.309362720141657
CUHK_AG03|2003,-45.27461377191698,81.75524396318507,64.74266518939248,-27.353089234704456
Sin842|2003,-44.61087108037311,81.17621482257476,64.12703172933007,-27.015122787926266
BJ02|2003,-42.960974827388654,79.21971738679706,62.91115509045833,-25.424606030836646
GZ0402|2004,-42.381202570421465,78.06409269912528,62.37071016817552,-25.76227882935207
GZ0401|2004,-40.73837986178456,76.3169969025588,61.138838231510334,-24.063760166917607
PC4_13|2004,-44.107865547004934,79.52973990433318,63.52142457167808,-27.341484785822775
PC4_136|2004,-42.922976200339775,78.42813992735582,62.453994770190825,-26.544904876494723
civet020|2004,-41.304856105855464,77.22749626719401,61.67271795750687,-25.074956503970792
HC/GZ/32/03|2003,-42.461088592369805,78.41545632072594,62.30621880622221,-25.71125367474192
Rf4092|2012,-38.50925949354672,73.19180602444872,57.712796805565574,-20.22957839716007
As6526|2014,-41.32085405118748,73.54588089226134,57.65992814799929,-23.321400956610177
Rs7327|2014,-42.67209853798256,76.0739118588908,59.81838977287555,-22.384209041039746
LYRa11|2011,-44.08458533073265,79.93419786173986,58.244309110530835,-26.82658940556316
bat/Yunnan/RmYN01/2019|2019,-45.99155240062179,78.78249134193987,63.11855577120494,-27.1280917533205
BtKY72|2007,-60.32928022863333,105.03857165098893,99.52023835644164,-37.92178502435639
