tipNames,x1,x2,x3,x4
WIV1|2012,8.753810657966925,-23.006006847060245,-28.211141277988208,-9.489616513811091
Rs3367|2012,7.76638394268554,-22.790409039405564,-27.256751948816397,-10.622020164477656
RsSHC014|2011,8.3775235178407,-23.23693268999084,-27.099513489618875,-9.729185723515467
Rs4084|2012,6.195540788248824,-21.85352954856202,-26.0488855536417,-12.391790595503068
bat_SL_CoVZXC21|2015,8.571904567851739,-25.4298911256217,-23.50701562741342,-9.61099932611113
bat_SL_CoVZC45|2017,11.071198411379518,-25.092793858095387,-27.329076030525187,-5.024962704224474
bat/Yunnan/RaTG13/2013|2013,12.287218353416005,-29.41807615981474,-35.85918498299286,-16.71061756227123
bat/Yunnan/RmYN02/2019|2019,-1.0737275546205787,-14.805817123700459,-21.720212386625576,-22.03361430519626
Wuhan-Hu-1/2019|2019,7.098482796612776,-27.402725355845277,-27.526623054213193,-15.571393630664335
Wuhan/WIV05/2019|2019,7.135721695354501,-27.521517750413995,-27.628394476225495,-15.729150664436098
USA/IL1/2020|2020,6.246251827376265,-26.96889199620379,-26.62040690868883,-16.14406903666678
Yunnan/IVDC-YN-003/2020|2020,6.172697991688101,-26.77663914095541,-26.175206538967643,-16.135535194208966
Japan/KY-V-029/2020|2020,7.245758080676666,-27.667926923031825,-27.41604308406764,-15.402584433240332
Sweden/01/2020|2020,5.864140015827194,-26.07479869684734,-25.779591704738674,-16.68302367143065
Nepal/61/2020|2020,6.239317836780609,-27.013597390658,-26.47370738274528,-16.17517328637234
USA/CA1/2020|2020,6.340759945664284,-27.15237304541575,-26.161025721803355,-15.88695756201964
pangolin/Guangdong/P2S/2019|2019,21.271114914841515,-33.98598400769276,-39.46820717515884,-3.671061391942183
Rs4247|2013,6.545305956370446,-20.77902392645161,-24.183558672279034,-9.00593225285209
Rs4231|2013,5.876202737186325,-20.4588328888649,-26.449915781158236,-9.895727583302833
Rs4081|2012,6.182573669181276,-21.010996821076134,-25.000842250554406,-10.126936738931434
Rs4874|2013,4.879425018447405,-19.89928109395216,-23.428261673981456,-11.110403219081958
Rs4255|2013,7.424500375709946,-20.57392926206788,-24.735657068119473,-9.22186130685579
Rs9401|2015,7.300380177166548,-21.27249034532476,-23.33162919028207,-6.617143381878645
Rs672|2006,5.312909782514999,-20.112981043488247,-23.61786773830445,-10.46204169690031
TW6|2003,4.535933486343057,-22.628574375533443,-28.17258986666456,-10.863244697949348
CUHK_AG03|2003,4.453227554377684,-22.515712185932294,-28.058133705963968,-10.971967920875827
Sin842|2003,5.688120633159518,-23.432619725525,-28.698483643583234,-9.937816895950197
BJ02|2003,3.768705684059158,-22.12303459792636,-28.478727226571525,-13.084446644264965
GZ0402|2004,3.6820032405659404,-19.277869620851483,-27.45474706501514,-11.087155840494496
GZ0401|2004,3.5051773773174957,-20.039327494197302,-28.216753890596372,-10.602281687205856
PC4_13|2004,3.2460468432384646,-19.607734140632477,-26.79749945427997,-11.336603483789705
PC4_136|2004,4.234191787972882,-20.969876064471627,-27.92178884645199,-10.985478383170593
civet020|2004,3.7448875971091957,-20.04087731968677,-27.751498332229687,-11.959994842909273
HC/GZ/32/03|2003,4.437770913674978,-20.41272952165839,-27.932750990666086,-10.974898619197681
Rf4092|2012,5.513492007145588,-20.5262029137923,-26.435956237575933,-15.222907871527042
As6526|2014,7.657642676181757,-22.448520657369006,-25.231025494358914,-9.372748103396624
Rs7327|2014,8.29728476020632,-23.597691027045574,-28.596670407850006,-10.35857568094597
LYRa11|2011,-4.809559670513169,-10.05051018660257,-11.841503589845166,-15.475071456409951
bat/Yunnan/RmYN01/2019|2019,2.213689936945686,-18.4230154736713,-22.929370062061416,-12.985994899527698
BtKY72|2007,26.882786500854287,-41.47560939025094,-48.303767739496635,7.740403349344914
