tipNames,x1,x2,x3,x4
WIV1|2012,26.606519725166493,-27.80326931160876,-52.99563676164675,18.75862616129597
Rs3367|2012,26.56655797247139,-28.249550550625077,-54.68094703915309,18.40004195219753
RsSHC014|2011,27.432896295968995,-29.03335914577359,-55.06925491445585,17.386593476867603
Rs4084|2012,27.96014264137356,-28.0496537541043,-52.47591968562385,17.985215109705766
bat_SL_CoVZXC21|2015,26.03273029883988,-31.61452290208317,-58.82986261627228,11.070089319672045
bat_SL_CoVZC45|2017,24.14935088850205,-29.046713741281106,-49.63650087862638,10.87304629321068
bat/Yunnan/RaTG13/2013|2013,23.9467317570769,-33.988241819881296,-56.05019666146461,15.777570298649186
bat/Yunnan/RmYN02/2019|2019,31.89145520781512,-45.22073290788124,-77.4809976599617,17.37249469002511
Wuhan-Hu-1/2019|2019,20.80820571472678,-30.555984594834992,-55.51448996703505,18.936438444528992
Wuhan/WIV05/2019|2019,20.88212771260891,-30.12109468435054,-54.865811470877084,19.037278899804157
USA/IL1/2020|2020,20.998331772531788,-31.318448943045595,-56.29334966041171,17.914903546712736
Yunnan/IVDC-YN-003/2020|2020,21.173499917447998,-31.248514943245286,-56.766188892212206,17.917133309874117
Japan/KY-V-029/2020|2020,21.153425256447147,-31.145790228381998,-56.29835686758848,18.40371146812321
Sweden/01/2020|2020,20.95495050108788,-31.15467785781262,-55.77424208271787,18.82168645791246
Nepal/61/2020|2020,19.696887420451716,-29.94601962706235,-55.158881275011225,17.47688895185474
USA/CA1/2020|2020,20.50923462012026,-30.16988518402675,-55.3447301612477,17.688361305499154
pangolin/Guangdong/P2S/2019|2019,38.8815002538682,-37.26862317164778,-66.63003535655999,18.358809935800956
Rs4247|2013,24.00691318745026,-25.625695328025405,-48.2134368517059,16.599243436893556
Rs4231|2013,25.171332361073162,-28.356556320764383,-51.33375538057477,17.739587197336963
Rs4081|2012,24.58116232977682,-26.11289467402372,-50.551769826503595,16.85518755672645
Rs4874|2013,25.45395388362324,-25.815500919013907,-50.97734771620389,16.394555857556337
Rs4255|2013,27.523351396963335,-26.853051973814065,-53.807174560932594,18.64134189112985
Rs9401|2015,32.9428044269523,-34.42558406391433,-59.3548724451988,20.96506861446407
Rs672|2006,28.265333351869636,-29.085965680983684,-52.75134549891018,19.252798496310607
TW6|2003,25.807775583242726,-27.78657616611302,-52.330991447966994,13.978722281252113
CUHK_AG03|2003,25.942473945205478,-27.84581431419427,-52.33736605677296,14.155537663212366
Sin842|2003,26.54566242500176,-28.319060535837707,-53.2804437524312,14.469887400055486
BJ02|2003,25.641952801130248,-26.749271845864445,-51.58996087878835,14.571949330760802
GZ0402|2004,28.155474053941766,-29.938482394154796,-55.45021670414418,16.055499768582443
GZ0401|2004,28.165890054770493,-30.13357501255093,-55.28431233862391,16.00770535899972
PC4_13|2004,29.311315543321356,-31.210331260572925,-57.755798919652975,16.635254639810235
PC4_136|2004,28.102189951039875,-29.663245872516086,-55.91401151512565,16.51695828972422
civet020|2004,30.211294888642698,-32.07790235338786,-57.50719219089252,18.452926829489748
HC/GZ/32/03|2003,29.988271958748896,-31.694067679974868,-57.32694152544804,17.5904263811502
Rf4092|2012,26.725144499118567,-28.611314239788648,-53.37479094584658,18.016402119967868
As6526|2014,29.257082851930907,-30.375667160290828,-57.085672600072094,19.109662496479825
Rs7327|2014,25.825444052142256,-27.174748898340635,-52.418315045544524,17.395968833473397
LYRa11|2011,20.581848824119994,-23.216170644197756,-47.95491676784326,11.96509818740718
bat/Yunnan/RmYN01/2019|2019,23.307478485884335,-25.15963273293442,-52.153964019128594,12.380808909379121
BtKY72|2007,34.3314912894534,-32.4750055876089,-60.8844197185876,29.32564249843356
