tipNames,x1,x2,x3,x4
WIV1|2012,-1.5600988312841015,-20.810004762794133,0.3253449173519161,17.439174319458232
Rs3367|2012,-1.3613463621315853,-20.896949076568312,-0.952639534403974,16.83482020134627
RsSHC014|2011,-2.523294209312947,-19.814350533162063,-1.1752768016834205,14.809844503882035
Rs4084|2012,-3.2814787768082176,-19.66963606132243,1.669145941446518,15.669835859773208
bat_SL_CoVZXC21|2015,-6.8667024090992195,-16.220062132312396,1.4690472335211329,9.036015209745763
bat_SL_CoVZC45|2017,-4.921872173293901,-17.12384488896955,-1.6344464370943248,13.072871593049047
bat/Yunnan/RaTG13/2013|2013,-20.175713860555685,-3.975164682519946,15.970148496626447,6.456795839703956
bat/Yunnan/RmYN02/2019|2019,-19.017157684292375,-2.946887245243688,15.270831669656122,2.650270764331761
Wuhan-Hu-1/2019|2019,-29.555477865087692,4.7400920678170815,28.473430447656867,-0.6448140034081529
Wuhan/WIV05/2019|2019,-29.62571704901038,4.646697728764051,28.40930351792613,-0.9811932824870222
USA/IL1/2020|2020,-30.21363896301715,4.540053619448694,28.970859526536575,-1.4731910890282511
Yunnan/IVDC-YN-003/2020|2020,-29.990987501952475,4.456760150898413,28.52950031924562,-1.4716596593523312
Japan/KY-V-029/2020|2020,-30.524013135353144,5.112886868208136,30.125078529754877,-1.6414213341181445
Sweden/01/2020|2020,-29.972396382153995,4.530469566549494,29.576930726578855,-0.9183952976142776
Nepal/61/2020|2020,-30.02281461211894,4.834246039916426,29.659909792177558,-1.1551628812077293
USA/CA1/2020|2020,-29.986821986244472,5.235237607839558,29.28896462136039,-1.2235585138365446
pangolin/Guangdong/P2S/2019|2019,-17.387135779127345,-9.98658276339933,16.60266252243612,10.724355470757848
Rs4247|2013,-3.0944351930080676,-20.716365926002293,-0.669037058142836,13.619034136870432
Rs4231|2013,-1.1858982325990333,-21.44352854155849,-0.10336137970664794,16.51832658015334
Rs4081|2012,-3.343270354779551,-19.4947545700537,0.24448484066221865,14.915802298397542
Rs4874|2013,-3.0284576242830736,-19.064068083838503,0.8111203331926757,14.37927394191675
Rs4255|2013,-1.0702784562730305,-22.66985858951417,-1.5849441495340666,16.27713663790934
Rs9401|2015,2.4384042546115365,-25.679171377835775,-6.116794654980228,18.324548760300836
Rs672|2006,-7.057894704625274,-14.817455430984847,5.309844924875572,13.252876105454327
TW6|2003,0.44517048735708975,-22.01400123321335,-3.373665370671735,15.357451847690436
CUHK_AG03|2003,0.30921602601054954,-21.748828119189593,-3.0928917682142973,15.28546122207953
Sin842|2003,0.838342517558891,-22.442186389768683,-3.8431766441888504,15.668254137669434
BJ02|2003,0.7443803531272342,-21.81847469324095,-3.3273642706982565,15.705844799927236
GZ0402|2004,1.2439994299963042,-20.49016879067154,-0.5397063289168211,16.303079524480385
GZ0401|2004,3.0511304095511576,-21.68696391400517,-2.235086878374654,17.960847703728017
PC4_13|2004,2.690929590775199,-22.08168916539978,-2.419279506957296,17.9273518578748
PC4_136|2004,2.8541443752799447,-21.94815114136025,-3.8041218972684376,17.265968901212585
civet020|2004,4.205666215716142,-23.482605386059525,-4.777896363641778,17.562603003443726
HC/GZ/32/03|2003,2.86901507720338,-22.171845621116763,-2.309870829947056,17.21791364592016
Rf4092|2012,-1.1763729282820932,-19.758441635893483,-1.2861623652930847,16.480428514919577
As6526|2014,-3.234132405063421,-19.14736533223323,1.6923613183502897,15.431014772097795
Rs7327|2014,-2.8622245974460387,-18.398924673251067,1.4890247955968325,15.776114924109379
LYRa11|2011,0.16345623664189768,-24.915133188980864,-3.735301177927695,18.492368420025265
bat/Yunnan/RmYN01/2019|2019,4.236415206224955,-25.69396510141019,-3.378200584828512,23.320543510367983
BtKY72|2007,-2.895878472595924,-15.539374954149679,0.9328417168143357,13.667571051564208
