tipNames,x1,x2,x3,x4
WIV1|2012,-21.851089781206376,2.9887325000923464,3.228575934539375,-29.184847324212686
Rs3367|2012,-22.731380370675332,3.773377830542085,5.089902540455946,-28.949864291413135
RsSHC014|2011,-22.820602781446702,2.9083998267272517,6.421636326055015,-28.044327498448606
Rs4084|2012,-21.753975737566645,3.4158648514167025,6.058862529456956,-28.13019240371845
bat_SL_CoVZXC21|2015,-22.726381317641888,5.953803221464761,6.550857391298004,-28.54359048313107
bat_SL_CoVZC45|2017,-24.23918693169489,7.961763637503561,6.682715508811135,-31.55889022122203
bat/Yunnan/RaTG13/2013|2013,-20.935361925239217,14.930251521984609,-6.567205570114027,-34.97670894250979
bat/Yunnan/RmYN02/2019|2019,-11.460554237507965,6.7326484946909675,-11.690835442965204,-29.631210923714423
Wuhan-Hu-1/2019|2019,-16.06349231319113,7.8212812899756186,-6.698011677757849,-29.328695954041383
Wuhan/WIV05/2019|2019,-15.998079616418638,7.797033358983106,-6.684731797959982,-28.8630989951244
USA/IL1/2020|2020,-16.89750540296728,9.114954995463071,-5.5114560025935795,-29.304627975518226
Yunnan/IVDC-YN-003/2020|2020,-17.213757037548653,9.273013292953985,-5.152493102607496,-29.373126935362478
Japan/KY-V-029/2020|2020,-16.09778416260773,8.288970450826923,-6.625585323860836,-28.693421665122557
Sweden/01/2020|2020,-16.128674661216362,8.697320965850375,-5.888410273230655,-28.555853740527258
Nepal/61/2020|2020,-15.1633555912486,7.38515048499281,-6.887060108886123,-28.423902264469582
USA/CA1/2020|2020,-15.435226498951003,7.286387927258562,-7.402138412254185,-28.696059505733558
pangolin/Guangdong/P2S/2019|2019,-29.884374597469353,15.756700266172317,11.318939727435462,-39.20401642007355
Rs4247|2013,-23.334953361543146,3.609869857164386,7.33142611161477,-30.61088360612999
Rs4231|2013,-21.05592835476763,1.4630484908670487,3.0706026454035884,-30.569056680745504
Rs4081|2012,-22.604628360149793,4.023059132261821,6.5026450284337685,-30.695485753850882
Rs4874|2013,-21.036360052207524,2.928874328796134,3.760564192394389,-29.384343709998134
Rs4255|2013,-22.68914075953859,3.055100116960731,5.783129269564879,-31.716888244412363
Rs9401|2015,-23.431700986080283,4.127571444060093,10.233161793822607,-26.31851308866
Rs672|2006,-20.956875340040067,1.9381468391751213,0.8514934891784054,-29.930636215245514
TW6|2003,-21.229691258416217,4.103103356152582,4.549419049080475,-26.67795017659095
CUHK_AG03|2003,-21.431189840080773,4.1971524647518805,4.797745540460533,-26.83697465439131
Sin842|2003,-20.921499068490377,3.4220115237113635,4.132610220449162,-26.547953830973967
BJ02|2003,-20.428820600794403,2.827523144701463,4.688637320842303,-26.92151657299619
GZ0402|2004,-18.904173137351943,1.6061053075092007,3.7537720400982795,-25.158846025615905
GZ0401|2004,-18.341200151077924,0.7878386895078032,2.4877025947642535,-24.94718121062625
PC4_13|2004,-18.657147059801908,1.7609380885694554,4.041065074994332,-24.058388053874285
PC4_136|2004,-18.560562689158015,2.1432106369261437,4.843444563503958,-23.946594853396466
civet020|2004,-17.995128702221773,1.3776173761384467,3.4068069727048087,-23.688985485061995
HC/GZ/32/03|2003,-18.83008202662203,1.8503592274605494,4.466382508909843,-24.65681380681296
Rf4092|2012,-24.35194345797328,3.4008035556561533,6.580958219476532,-33.73874293569409
As6526|2014,-20.029156960715273,1.0358262256099469,1.8063310787836866,-27.364250100583
Rs7327|2014,-17.95968082139763,-0.1669724631929712,0.7524975477696737,-26.84124436933821
LYRa11|2011,-21.90713364830955,1.7452241533355364,6.088627696034779,-25.828008570277255
bat/Yunnan/RmYN01/2019|2019,-22.340268483126987,1.427674095992802,5.549739843929234,-26.51197115326549
BtKY72|2007,-34.910354769769704,22.66678229277956,23.827063003169947,-38.8577636536199
