tipNames,x1,x2,x3,x4
WIV1|2012,74.4587129618958,-64.12035703524454,-92.56351401789993,31.359906833442945
Rs3367|2012,75.27647963136137,-63.50980559794017,-94.22772029009897,32.127496859177505
RsSHC014|2011,72.00328007908622,-62.6120886454003,-92.27626998431592,29.044051681515253
Rs4084|2012,73.73873864178375,-63.57508655603098,-93.8208200467361,31.026924227820146
bat_SL_CoVZXC21|2015,85.8126759366611,-75.30569502350032,-104.48437104265787,39.25176999663685
bat_SL_CoVZC45|2017,86.09401530832939,-71.36032862376473,-102.9669098985418,38.97201947426512
bat/Yunnan/RaTG13/2013|2013,92.60964719376135,-88.21986144187035,-120.13812399528464,44.13971872608483
bat/Yunnan/RmYN02/2019|2019,82.0376405949579,-73.13471471941807,-105.71374848880122,31.563966630782765
Wuhan-Hu-1/2019|2019,77.32034964296186,-73.14102216269005,-101.39459892806416,29.19346261158805
Wuhan/WIV05/2019|2019,77.61794893545742,-73.21572326976394,-101.77063395473486,29.629081744468994
USA/IL1/2020|2020,78.08292191140447,-74.71365140389904,-102.82606739444766,29.969327699539043
Yunnan/IVDC-YN-003/2020|2020,77.55747364422636,-74.36252450765404,-102.46909209709402,29.606991316074666
Japan/KY-V-029/2020|2020,77.74138385415543,-73.84419411065133,-102.19661626440289,30.46072102224551
Sweden/01/2020|2020,77.20503134313788,-73.13312208883323,-101.42521706754275,29.57680261181438
Nepal/61/2020|2020,78.00814550366738,-74.48855848995139,-102.73237477318588,29.42568710043607
USA/CA1/2020|2020,78.54278143912765,-74.40605572058993,-103.66271094528798,29.5486803085896
pangolin/Guangdong/P2S/2019|2019,74.24856946612206,-71.46277721199763,-98.90577514187952,22.572968417915334
Rs4247|2013,74.15994558445388,-65.08228226342818,-94.74149897695392,33.562079849252285
Rs4231|2013,73.67688715931602,-63.08915033264321,-93.51673336569536,29.6905337221165
Rs4081|2012,72.31457854503532,-63.11456998877626,-93.15306247802584,31.482547683177316
Rs4874|2013,74.71158537389611,-64.83526331581635,-94.59476111596295,32.20374223184133
Rs4255|2013,74.28512060691484,-64.62833024446334,-94.1284191715766,32.30895185304985
Rs9401|2015,76.79802942390864,-67.36509303490396,-94.41327810238427,32.321026224686634
Rs672|2006,71.1394930064125,-61.727227080214604,-91.82919450586351,28.571980093891455
TW6|2003,68.83597423285933,-64.54503211207535,-98.23403206727372,26.331014389876835
CUHK_AG03|2003,68.68805978588075,-64.37567237894365,-98.17277216667807,26.151309829175187
Sin842|2003,68.73743822642312,-64.33644505080677,-98.63576742940099,25.6836579750284
BJ02|2003,69.43691292426907,-65.12004577760172,-99.04121144568111,26.465483761697747
GZ0402|2004,71.1124605521295,-66.3244033158555,-98.63852274634242,26.931098597236566
GZ0401|2004,70.14209509332744,-65.22310835201023,-97.48995558144853,26.204383009398153
PC4_13|2004,72.93720215928937,-67.65542565378631,-100.00462938830229,28.573104072136417
PC4_136|2004,71.91979587780831,-67.49130415965554,-99.81649050037707,27.85624876983054
civet020|2004,72.55503870150594,-67.68778824052704,-99.77821234593347,29.036251969772465
HC/GZ/32/03|2003,70.99657078193917,-66.37149669194957,-98.39458781353648,27.701135685060553
Rf4092|2012,74.37080455147245,-65.97941728093026,-98.51413496282589,31.91842163222443
As6526|2014,73.6400132108243,-63.99070524510391,-94.02663604915362,31.360019640146607
Rs7327|2014,69.58750139167293,-60.86185492467445,-90.29453137167451,29.321406626654323
LYRa11|2011,72.35238355181596,-61.70895682881177,-94.56801809813166,31.149090449402006
bat/Yunnan/RmYN01/2019|2019,71.08586161605103,-62.75914514296924,-91.44116517644535,30.45755588961672
BtKY72|2007,82.45044316355852,-65.63772720572184,-103.66836503350477,43.5642263311736
