tipNames,x1,x2,x3,x4
WIV1|2012,24.51722283746968,-11.799998277384656,9.985893723140101,-6.546553542397828
Rs3367|2012,23.49461381809776,-10.921886071998802,10.620946748615031,-7.507166486407836
RsSHC014|2011,25.342928102464104,-12.864721805873263,9.094715711963932,-3.428303514814105
Rs4084|2012,22.51621624517162,-9.53285218059829,10.996767365058567,-5.705722544401516
bat_SL_CoVZXC21|2015,18.978471098903704,-8.432983786845734,6.80093286533463,-14.574393822818612
bat_SL_CoVZC45|2017,26.384804157682982,-15.364890470868335,0.9590129927535889,-5.877126863564692
bat/Yunnan/RaTG13/2013|2013,32.396148480445355,-9.811686308367038,2.347515930546259,-8.216560833635628
bat/Yunnan/RmYN02/2019|2019,32.85151851583187,-19.225332545700358,3.086976033879136,-8.940983054922798
Wuhan-Hu-1/2019|2019,33.91765283246101,-12.80306380643892,0.7311861057601687,-8.772765888488632
Wuhan/WIV05/2019|2019,33.97572271671439,-12.657229237650018,0.5637344180568848,-8.853367253101231
USA/IL1/2020|2020,34.800215947186544,-13.866762454128818,-0.2452711820572821,-8.145604207929946
Yunnan/IVDC-YN-003/2020|2020,35.0204371379779,-13.847853289063897,-0.16545693416004587,-8.01074059655648
Japan/KY-V-029/2020|2020,34.51409251945175,-13.273446265378217,0.7429236023279158,-7.969855622800512
Sweden/01/2020|2020,33.97047253483581,-12.80736985821809,1.273468930944863,-8.328760414403705
Nepal/61/2020|2020,34.914718386057146,-13.37849304876074,0.5328771632937637,-7.818852029761238
USA/CA1/2020|2020,34.55719973057352,-13.029657026102683,-0.13788714502670174,-8.66834501218811
pangolin/Guangdong/P2S/2019|2019,25.89774823559642,-16.225763580378366,-0.10107066592323344,-7.163844273552213
Rs4247|2013,24.72929077355347,-11.59179883906247,8.120909847250749,-6.331283399285708
Rs4231|2013,23.081784302506602,-10.451393849927154,10.975154492431347,-6.670120724013099
Rs4081|2012,23.734646224491446,-10.859248516481005,10.760816267623305,-6.065750897176359
Rs4874|2013,25.121101990111523,-12.856785438472611,8.199708797723734,-4.465949951330573
Rs4255|2013,23.315802132514477,-10.610841933249466,11.505071221277877,-5.587059088603797
Rs9401|2015,21.85352022787941,-10.815060707608767,12.27157738785045,-6.059283091894576
Rs672|2006,27.183877928175797,-14.70568687538604,6.498851632581599,-3.6373842814841693
TW6|2003,23.241790687620284,-12.552426861973208,7.241041726532762,-7.403640622253216
CUHK_AG03|2003,23.470723808118965,-12.854419861280943,7.034346456063565,-7.325963069307188
Sin842|2003,22.903075301060127,-12.242369316403503,8.050066634720263,-7.017246564147275
BJ02|2003,24.689347251483934,-13.362284815987445,6.057980188116026,-5.28504713943051
GZ0402|2004,19.71682593334078,-8.745446749967648,9.328452655987144,-8.614301106515562
GZ0401|2004,21.622348264990674,-10.21247595605268,8.306462692857442,-7.789876906304751
PC4_13|2004,18.791289399723514,-7.868870765381159,10.28421241909895,-9.016476776586316
PC4_136|2004,19.434120021893932,-7.774930245259446,10.122386916906413,-8.44656076794563
civet020|2004,19.854935459276398,-9.33630741067353,8.907649422390506,-9.41034894838965
HC/GZ/32/03|2003,20.00905663353321,-8.919754849999029,9.135364442576224,-8.693204457409157
Rf4092|2012,23.779267575630694,-12.587014625493568,10.00272344482105,-8.559553618961226
As6526|2014,26.790052048151306,-12.565144106378689,6.537121106693516,-6.01939640792935
Rs7327|2014,27.52461449628254,-13.995159031648011,4.0653215266136655,-6.242677044160642
LYRa11|2011,17.78894572800852,-2.645419430568861,16.436776766112278,-5.521085866411781
bat/Yunnan/RmYN01/2019|2019,28.888637093189576,-13.501554476178743,2.109533766157838,-4.663856765448378
BtKY72|2007,26.299834259492627,-18.080972932134422,-0.1428095554820814,-11.587680360716186
