tipNames,x1,x2,x3,x4
WIV1|2012,-23.80020224209133,12.269387874739106,7.36424390420304,-19.826361381632683
Rs3367|2012,-24.93473713535066,12.60382309806517,8.269573987805856,-21.049068845729195
RsSHC014|2011,-22.220162401672177,8.155521120034223,3.6426305684756533,-17.185549498200952
Rs4084|2012,-20.427884313330456,7.681464961091164,2.5030961583160627,-17.252822949032037
bat_SL_CoVZXC21|2015,-31.770492964328817,18.783853801730924,7.65386066900715,-29.044428079641747
bat_SL_CoVZC45|2017,-31.803438887586754,15.178818544421672,8.281144392862753,-25.071533102873612
bat/Yunnan/RaTG13/2013|2013,-17.580787107568064,4.035149329444904,-4.849038972876135,-23.25814467110022
bat/Yunnan/RmYN02/2019|2019,-20.373821600430787,8.230426572757185,1.1760566087375461,-21.287457566998313
Wuhan-Hu-1/2019|2019,-19.011119255783765,8.250519491297457,-0.6693717501236653,-21.043936531549644
Wuhan/WIV05/2019|2019,-19.03763006355636,8.308111240154899,-0.23197356553323928,-20.990580453221252
USA/IL1/2020|2020,-19.88045714280362,9.019513361152486,0.47275100005225723,-21.227504238379495
Yunnan/IVDC-YN-003/2020|2020,-20.231821085149445,9.231910303965732,0.6870378239670692,-21.28863051657399
Japan/KY-V-029/2020|2020,-20.564208111170093,9.320877322122758,1.5611043855243847,-21.67631174064448
Sweden/01/2020|2020,-20.469721582452173,9.06185712235052,0.959853633566072,-22.046749011045808
Nepal/61/2020|2020,-19.48373988936303,8.516419904308945,-0.124848240799172,-21.349804706417263
USA/CA1/2020|2020,-18.944565053968457,7.933984677859704,-0.46166000048814837,-20.65168098646694
pangolin/Guangdong/P2S/2019|2019,-34.45542787171511,22.727993550418027,18.234532986368624,-28.272873661957014
Rs4247|2013,-19.870784997951734,8.59138981810795,1.4054068204255312,-17.62498860226951
Rs4231|2013,-20.900904334198632,9.21113939916275,2.1899604016540914,-17.938971691110257
Rs4081|2012,-21.205572019483533,8.619696168518805,2.490742225327677,-18.418269350291897
Rs4874|2013,-19.027301902144508,6.185917603209518,0.18069875517202727,-18.39819171868145
Rs4255|2013,-22.278825507300745,8.970476113717641,2.6031065577503236,-19.99966159869952
Rs9401|2015,-25.925064118124865,13.496137152828089,8.575511659453385,-18.55707791466336
Rs672|2006,-21.242103501207367,8.02944014081134,4.122361132075292,-19.64757977533637
TW6|2003,-30.22695108248527,18.021686714170045,10.500892498872362,-26.947907091117838
CUHK_AG03|2003,-30.278070917084833,17.93813961671376,10.538540741205406,-27.033272284477277
Sin842|2003,-29.607105020078173,17.425049948628754,9.772071645847465,-26.269824771019834
BJ02|2003,-31.207552952814115,18.002337857745392,9.706421821412466,-27.639768955436054
GZ0402|2004,-31.23714018649039,18.685641914426004,10.506445193961145,-27.09590967777352
GZ0401|2004,-29.69775868023974,17.0190425216326,8.704325028749958,-26.24398399775182
PC4_13|2004,-31.40963600017481,18.157707810071393,9.673100812204176,-27.085830391940895
PC4_136|2004,-28.69939729173581,16.592278606583832,7.797363961007904,-24.25487172777748
civet020|2004,-29.81786405745306,17.528241425520097,8.160929259223298,-25.80878928427101
HC/GZ/32/03|2003,-30.229989078846028,17.847211253988544,8.67858260227991,-26.637675388201288
Rf4092|2012,-22.569566308035906,6.017804375073609,2.613771846407607,-17.636384674261297
As6526|2014,-23.678550980194235,12.233051819752745,5.374246093323555,-20.74985773022655
Rs7327|2014,-22.485225633318368,9.774194220967098,4.586738855356784,-18.737201538444932
LYRa11|2011,-23.052261316198315,14.255882683592008,9.86039027905688,-18.179017905445864
bat/Yunnan/RmYN01/2019|2019,-19.845122784511705,8.934825811901241,2.8473251261261963,-20.223287424435036
BtKY72|2007,-28.20376867169253,12.894315631939605,16.869949754100535,-32.9911160067744
