tipNames,x1,x2,x3,x4
WIV1|2012,-22.703688422763992,28.809933859966993,50.931885936722246,-7.951715750779916
Rs3367|2012,-26.531520618967168,31.329907710537004,54.23916293803288,-10.685999006257788
RsSHC014|2011,-17.306866292035973,24.68748154291051,44.68235401867385,-6.463605344004337
Rs4084|2012,-19.389389506502763,25.05304826796687,46.88610424949213,-5.573256378059187
bat_SL_CoVZXC21|2015,-21.83327723585701,26.15308926326209,49.63979240256323,-2.691517563247269
bat_SL_CoVZC45|2017,-18.65956461536446,23.618247283952893,45.64386521231537,-1.958957412599317
bat/Yunnan/RaTG13/2013|2013,-15.707808237347097,17.344697252636543,32.04713509868462,-5.463979422047835
bat/Yunnan/RmYN02/2019|2019,-46.63900632773485,44.90236025939497,63.24598387884374,-21.86888175756863
Wuhan-Hu-1/2019|2019,-28.36964361096694,28.47346087826761,42.82558559754098,-9.81936148982714
Wuhan/WIV05/2019|2019,-28.077749184900032,28.279275813766453,42.49856670013642,-9.677071306907118
USA/IL1/2020|2020,-30.558183002073037,30.43054726942626,45.21433208983363,-11.064903017491309
Yunnan/IVDC-YN-003/2020|2020,-29.978666788588768,30.20622996827266,44.61277602795186,-10.750069024560279
Japan/KY-V-029/2020|2020,-29.629961662844824,29.413405894969998,44.19318685079234,-10.914405293667558
Sweden/01/2020|2020,-29.39375055597194,29.213163768765423,43.854694271519136,-10.645130064401451
Nepal/61/2020|2020,-29.631462070110768,29.285002070341903,43.96309897409112,-10.411241770061013
USA/CA1/2020|2020,-29.59896482910845,29.24785425649629,43.63651819998167,-10.610506240787231
pangolin/Guangdong/P2S/2019|2019,-16.686345730903987,28.314212409436294,36.69977935831013,-6.72175468110327
Rs4247|2013,-18.376420618788945,25.49059275416182,48.71042704714859,-5.687112383601251
Rs4231|2013,-23.70415913007447,30.09330227296119,53.72530958652634,-9.08775593124473
Rs4081|2012,-20.288078007589917,26.56310302513367,49.22111942577133,-6.241020122324189
Rs4874|2013,-21.057702070758243,28.057077686231978,50.57268573794821,-6.86566522550563
Rs4255|2013,-20.82815410802089,27.254832571257722,50.30931855000567,-7.178639935813042
Rs9401|2015,-19.07451400771252,22.66236600154336,45.40628174434372,-5.4315924340144335
Rs672|2006,-17.113640498705532,20.793728347624317,42.703334723592214,-6.307080009498529
TW6|2003,-17.477701356259097,22.72252759276821,46.332010560107,-1.6230716249093002
CUHK_AG03|2003,-17.69322038154001,22.807363489510283,46.48918135005055,-1.7669643492056601
Sin842|2003,-17.346270522382877,22.395375016557914,45.87844937920147,-1.644544721206841
BJ02|2003,-18.74524796985319,23.976749684334983,47.770502968284866,-2.8521350781619694
GZ0402|2004,-16.39612304508742,19.91014445630101,45.64622732197212,-2.9655989299108705
GZ0401|2004,-13.241010583521083,18.085158079385327,42.628068288623254,-0.5353098043909235
PC4_13|2004,-16.17760173544324,20.501551152463854,44.49980444000525,-2.73630769314204
PC4_136|2004,-16.34762513666829,21.00153292168995,46.03543744357125,-2.932030567046279
civet020|2004,-15.63557186359541,20.498327203462193,43.6569297994177,-2.437020972190643
HC/GZ/32/03|2003,-16.634532066860217,20.55654710636923,45.16291191327222,-2.9854148533221165
Rf4092|2012,-17.28409874002203,23.616856218919914,45.644409025423144,-1.6742751579730855
As6526|2014,-24.537844232107467,31.285456149036296,54.17994681123715,-9.758843169612774
Rs7327|2014,-22.557293444952467,29.21180741045537,51.444441466684374,-8.134354875380454
LYRa11|2011,-21.57814014953352,26.385835860316277,44.35713748569754,-2.8658711894190136
bat/Yunnan/RmYN01/2019|2019,-15.801439650220777,22.621927126995846,39.37396720486285,-5.240406954889943
BtKY72|2007,-37.17060231172402,40.11272880636963,50.682972113252426,-12.644956637771388
