tipNames,x1,x2,x3,x4
WIV1|2012,10.040254543507759,-3.198357267249539,-3.1308310058519906,-11.289080371138335
Rs3367|2012,11.197299978329847,-3.989364731881939,-4.0270908125885425,-10.445868744478629
RsSHC014|2011,16.87682846244105,-8.565386570118207,-8.704175243628486,-6.662764263171723
Rs4084|2012,16.24779261711727,-8.022919409070438,-9.31217927043817,-9.34935440512404
bat_SL_CoVZXC21|2015,2.1438698702027184,7.646274535495716,7.643371239028487,-16.131679404236763
bat_SL_CoVZC45|2017,5.298591074626915,4.347995075260961,4.583058416736872,-8.868936615141122
bat/Yunnan/RaTG13/2013|2013,-5.42738287333366,17.0419912221808,15.16687869308592,-10.575494355726672
bat/Yunnan/RmYN02/2019|2019,-3.687302579913755,15.03210595723374,20.34654573750419,-5.131534775649442
Wuhan-Hu-1/2019|2019,2.866644328508012,8.650424384959008,10.734739754841813,-4.979278691709702
Wuhan/WIV05/2019|2019,2.192769441110516,9.461420315631557,11.398838387612813,-5.447346464817982
USA/IL1/2020|2020,1.3986699955421689,9.882411314524571,12.135018868044012,-6.063942626650603
Yunnan/IVDC-YN-003/2020|2020,0.7530177197486462,10.463992797809208,13.080578791991705,-6.141213516847322
Japan/KY-V-029/2020|2020,2.4473164106321947,8.823564714121707,11.137845475432586,-5.544528079687206
Sweden/01/2020|2020,1.6767267391441378,9.584542383163722,12.011362873870754,-5.61670527289872
Nepal/61/2020|2020,1.488690729322313,10.080359357107332,11.940685620958853,-6.187489292785542
USA/CA1/2020|2020,2.144605121934144,9.446846499223541,11.812465788094705,-5.237149366898704
pangolin/Guangdong/P2S/2019|2019,-2.20735385991401,10.029133282955936,11.104911394194222,-14.243611701468968
Rs4247|2013,13.73707317889632,-3.296699910586236,-5.608327218852491,-9.129385750329451
Rs4231|2013,13.089595729623188,-4.645364628439216,-7.31100989167783,-11.865008163775514
Rs4081|2012,13.602155190779,-4.434479083731352,-7.275588177294411,-9.811683246762039
Rs4874|2013,14.559257094478895,-4.747329262477224,-7.447842610692971,-9.312633876515392
Rs4255|2013,15.304746731352612,-7.579799386976957,-8.250118288590736,-8.356950335381114
Rs9401|2015,11.562657371090491,-3.13508289336548,-2.123021684468833,-8.991285471115052
Rs672|2006,10.181510161439476,-2.5924692026109977,-1.7935568492188136,-11.374273914620552
TW6|2003,15.829425970828492,-1.1837226628731425,-5.379931109952682,-6.293377395838488
CUHK_AG03|2003,15.540864096881748,-0.9895252781258591,-5.09795941629795,-6.623521788879799
Sin842|2003,14.46745632215325,0.18361960879767003,-4.224511782655309,-7.3283423185464605
BJ02|2003,13.658575314055012,1.3564275596130777,-3.5221844694809343,-7.565390696972106
GZ0402|2004,14.063066524500247,0.255993308369652,-3.802511977711062,-7.919139934931435
GZ0401|2004,15.343030699355133,-0.4286328130199811,-4.837735778680138,-7.292783414757264
PC4_13|2004,15.494705040499904,0.9411906470839,-5.133204616917017,-7.133087068602512
PC4_136|2004,15.160486602030899,0.7687654191399282,-4.204755271472783,-7.206288357234111
civet020|2004,13.705592405148629,0.8801099565646577,-4.801625175299532,-7.452770317745907
HC/GZ/32/03|2003,14.814239477433794,0.09280299628877756,-4.8857785635025435,-7.207224918512601
Rf4092|2012,24.3349151769565,-16.24219141666247,-22.116010542663194,-3.1227083290913806
As6526|2014,13.068470779727715,-5.175290625920187,-7.230544180434233,-10.42067948764421
Rs7327|2014,13.448501702865173,-6.47912038644671,-8.465258402097614,-11.636304012634831
LYRa11|2011,16.691252639304967,-12.06031378624323,-6.866335903974994,-4.376667575005581
bat/Yunnan/RmYN01/2019|2019,12.633403891678219,-3.6795577517840456,-5.937661209623371,-7.108390209684993
BtKY72|2007,42.8995832597211,-27.85117136334976,-30.649118945297147,9.17832845964908
